0;S;947,493,233
1;S;964,706,121
2;S;174,53,537
3;S;918,974,211,111,517
4;S;630,464,829,675,408,964
5;S;720,405,744,891,169
6;I;337,12,132,298,964,288,622,577
7;S;730,180,517,922,849
8;S;731,115,964,947
9;S;180,754,622,731,964,115
10;S;833,261,260,622,115,312
11;S;622,49,847,800
12;S;964,6,144,944
13;S;904,947,163
14;S;61,411,268,788,673,710,949
15;S;895,879,494,445,570,964,720,784,929,708,731,138,559,293,836,192,838,426,180,853,558,616
16;S;833,720,731,454,470,944,891,622
17;S;553,49,46,577,261,755,796,115,786,633
18;S;115,964,731,942
19;S;979,558,731
20;S;744,619,314,53,81,577,286,520,259,121,836,833,327,273,616,537,915,876,548,187,947,731,807,622,434,570,132,550,240,594,69,460,755
21;S;731,622,517
22;S;716,838,121,731
23;S;731,855,958,904,485,132,947,559,833
24;I;559,930,132,829,622,553
25;S;831,494,253,517
26;S;964,622,779
27;S;754,901,805
28;S;461,180,796,553,857,226,836,619,709,622
29;S;86,947,132,495,308,537
30;S;107,58,559
31;S;904,180,53,261,101,226
32;S;836,261,473,537,113,622,612,731,311,446,436,782,180,929,904,977,325
33;S;109,905,67,180
34;I;121,744,577,853,589,695,537
35;S;602,180,947,581
36;S;904,496,976
37;I;282,487,833
38;S;51,133,499,793
39;S;196,782,947
40;S;938,505,964,253,731
41;S;708,132,577
42;S;622,954,132,581,944,634,777,964,731
43;S;830,567,286,634,619
44;S;339,248,964,427,754,153,475,878,434
45;S;706,891,731
46;S;49,17,944
47;S;273,689,206,282,526,234,261
48;S;164,374,194,782
49;S;53,938,187,619,295,64,570,261,550,333,362,343,618,153,258,904,594,622,565,833,239,275,361,46,276,168,974,517,951,344,947,731,891,11,485,243,577,58,489,605,706,494,132,474,838,803,180,17,771,533,282,559,944,543,561,980,475,754,964,855,897,666,535,102,388,977,582,428
50;S;533,260,719,958,122,153,689,539,132,968,577,964,243,431
51;S;38,720,944
52;S;458,132,134,612,88,485,660,111,494,947,855,964,450,891
53;S;947,537,2,833,974,622,114,434,639,731,822,577,20,392,861,328,440,284,200,744,584,567,446,49,895,765,883,261,906,846,803,58,527,705,194,930,559,159,305,727,156,841,198,838,180,716,704,145,121,95,348,699,630,280,808,485,619,535,286,876,964,31,132,826,612
54;S;275,643,622,310
55;S;964,644
56;S;855,417,184
57;S;156,553,132,684,577,265
58;S;209,121,622,833,634,302,282,643,49,944,243,689,537,380,793,388,53,635,731,660,675,66,30,875,964,727,763,904,187,423
59;S;180,315,684
60;S;566,895,836,944,211
61;S;261,930,245,787,466,494,14,445,274,731,622,570,905,577,485,180,755,634,613,964,328,567,559,505
62;S;622,381,818
63;S;891,625,796,494,717,752,622,141,964,560,569,907,634,535,180,696,64,115,121,974,187,984,765,689,267,169,79,261
64;S;754,63,49,689
65;S;261,947,891,70,283,473
66;S;58,253,744
67;S;228,622,33,425,297,895,947,403,836,413,260,964,537
68;S;883,261,538,132,463,88,690,757,378
69;S;494,243,473,120,491,457,689,20
70;S;797,317,169,411,833,691,261,505,622,111,475,944,380,180,65,964,588,453,145,413,431,791,947,494,314,130
71;S;731,209,559,622,958,549
72;S;964,891,180
73;S;252,866,715
74;S;619,947,626,848
75;S;922,169,495,112
76;S;297,964,622,115
77;S;279,485,275,964,117,731
78;S;79,951,435
79;S;755,855,485,473,754,63,748,259,260,427,936,905,321,202,446,969,938,791,286,964,95,526,282,622,293,577,261,121,280,853,919,332,132,857,172,553,328,743,822,159,495,583,795,880,129,947,437,192,889,952,904,365,372,78,232,489,581,813,434,428,184,180,790,515,191,596,543,731,107
80;S;314,709,485,842,164
81;S;20,542,964
82;S;947,405,754
83;S;715,259,121,485,954,731,115,947,132,224,445,622,615,660,605,964,577,422,138,494
84;S;855,422,559
85;S;619,115,995,731,622
86;S;29,964,368,261
87;S;184,715,314
88;S;947,931,415,650,169,52,180,184,311,974,68,566,711,843,731,944
89;S;727,964,505,115,180,184
90;S;715,813,517
91;S;992,833,132,495,964,644
92;S;180,261,411,478,663,553,312,622,138,577,612,626,802
93;S;493,964,184
94;S;855,512,221,134,380,219,252
95;S;622,282,964,376,475,132,130,855,947,485,187,121,922,689,634,731,53,261,252,180,79,685,297
96;I;397,930,141,139,180,617
97;S;571,497,180
98;S;327,612,197,904,731,996,858,225
99;S;344,380,715
100;S;974,427,859,774
101;S;837,720,964,180,687,134,31
102;I;964,965,205,111,942,733,115,180,49,833,183,684
103;S;228,964,622,261,168,485,121
104;S;329,436,622
105;S;121,681,922,293
106;S;594,964,180,550,958
107;S;79,559,895,30
108;S;603,663,485
109;S;902,408,132,380,816,597,631,720,964,567,275,971,159,947,581,33,328,559
110;S;562,637,935,622
111;S;224,241,132,689,559,974,352,876,869,589,187,180,177,731,984,616,524,431,282,219,381,622,947,52,692,904,374,835,121,246,130,849,485,527,674,473,70,964,895,761,328,659,153,371,102,427,581,3,251,347,948,680,249,802,494,612,115,695,114
112;S;75,574,581,225,622,637
113;S;868,411,953,496,516,922,180,964,622,731,247,689,908,787,32,553
114;S;731,944,434,837,225,228,755,974,180,485,969,551,129,634,602,811,138,809,524,200,529,338,757,945,570,622,964,328,115,282,159,438,53,708,209,111
115;S;187,261,184,76,623,535,881,282,438,639,466,929,964,427,485,121,181,180,731,547,473,652,202,711,720,559,431,813,345,619,918,886,289,992,634,250,260,454,895,772,802,951,259,577,944,605,905,511,922,249,63,225,301,591,930,212,613,89,507,10,273,689,403,567,144,947,716,715,754,9,537,509,476,570,380,365,701,266,622,315,855,117,363,102,17,85,673,773,583,205,287,645,793,891,331,8,114,386,494,440,111,18,660,412,258,524,83,894,974,865,593,405,744,568,958,193,132,644,774
116;S;855,964,170
117;S;485,987,77,115,153,438,836
118;S;918,459,731,225
119;S;853,386,958,411,121,558,866,689,964
120;S;69,233,496,650,720,809,634,750,731,282,229,446
121;S;964,469,968,922,558,539,138,622,589,569,701,58,909,153,730,225,312,111,787,527,282,967,223,411,447,34,485,634,374,761,105,947,625,627,444,261,689,480,853,577,731,132,940,772,762,260,419,824,727,943,803,710,180,439,63,79,22,475,610,836,494,828,548,83,837,380,342,321,115,616,53,823,920,615,517,944,808,855,103,20,581,628,336,353,958,813,895,974,932,559,361,1,241,553,286,609,619,644,95,119,984,458,424,802,530,557,520,263,258,720,820,405
122;S;427,957,138,403,50
123;S;612,282
124;S;793,138,720,504,664,731,159,413,180,254
125;S;904,332,570
126;S;805,947,494,720
127;S;535,494,625
128;S;636,853,180
129;S;132,79,114,153,974,434,260
130;S;720,944,170,431,517,724,865,132,904,506,70,581,484,622,304,95,111,131,533,192,494
131;S;564,241,261,738,553,795,571,130,964,549
132;S;49,560,577,836,519,910,464,293,895,416,944,53,493,533,559,405,386,180,336,833,753,374,639,648,170,298,891,633,744,129,214,229,494,121,431,381,209,662,445,987,243,758,756,547,398,873,333,476,845,208,517,897,553,259,688,922,157,57,593,521,904,287,569,235,984,982,192,875,775,50,684,745,200,835,552,95,711,947,701,945,531,138,548,574,24,111,6,169,784,453,885,917,29,637,715,359,506,918,754,508,42,907,485,912,115,505,829,827,332,539,109,619,720,79,427,969,812,516,671,672,286,130,233,139,91,68,946,156,847,583,876,683,414,570,184,731,757,537,304,765,455,998,403,413,41,933,771,534,988,83,883,986,265,535,923,997,475,197,248,256,964,263,622,134,315,914,355,20,802,634,205,439,261,974,793,601,252,881,435,219,52,527,855,387,968,790,425,525,297,23,306
133;S;597,570,141,947,38
134;S;574,964,622,580,833,496,293,132,101,52,689,559,94,676,520,495,943,947,180,406,731,548,505,744
135;S;918,827,570
136;S;663,577,738
137;S;820,715,570,622,261,814,731,225
138;S;948,914,132,570,964,121,225,689,297,293,936,310,526,955,715,587,582,485,122,559,431,720,543,622,365,92,124,822,977,114,15,494,153,969,380,804,974,411,556,891,280,83,731,598,300,546,261,634,488,379,615,778,949,545,703
139;S;180,132,96,906
140;S;833,577,964
141;S;96,168,63,929,171,880,133
142;S;180,841,658
143;I;533,833,260
144;S;904,644,884,115,944,273,12,581,559
145;S;731,962,53,293,70
146;S;180,904,187,147,577
147;S;577,964,302,946,987,146,485
148;S;833,926,570
149;S;622,494,535
150;S;773,216,731,999,311,619,413
151;S;914,720,619,184
152;S;946,190,959
153;S;831,413,715,727,50,991,955,944,138,485,577,766,243,947,49,672,689,655,44,543,184,755,980,129,330,398,720,170,731,261,251,269,505,156,121,117,850,855,622,974,779,895,813,422,761,537,111,447,964,532,472,464
154;S;326,716,556,974,327
155;S;577,883,253,764
156;S;974,619,853,454,153,731,559,57,485,622,352,53,132,180
157;S;958,530,132,290,805
158;S;634,622,332,944,833,954,177,612,964,974,180,731,261
159;S;79,243,505,280,944,180,947,838,964,124,53,495,225,403,731,833,559,752,346,377,114,622,184,665,543,109,327,619
160;S;332,921,582,622
161;S;581,327,419,973
162;S;622,269,336,731,180
163;S;13,634,622,559,365,449
164;S;80,48,259,432,214,577
165;S;411,974,855,486,419,182
166;S;310,914,635
167;I;466,622,261
168;S;781,261,848,384,622,559,784,517,103,903,974,800,730,49,771,904,731,438,184,222,616,876,141,964,577,820,805,494,612
169;S;70,754,282,180,132,564,476,88,75,796,964,263,63,602,494,5,448
170;S;946,451,492,918,577,485,570,535,269,796,798,622,520,172,687,583,411,130,531,200,116,293,974,944,602,180,731,908,132,559,895,942,153,964,616,261,947
171;S;785,958,141,543
172;S;380,770,716,170,622,79
173;S;754,505,512
174;S;2,411,583
175;S;964,577,850
176;S;787,408,512,863,855
177;S;268,158,111,180,683,731
178;S;581,580
179;S;403,683,849
180;S;953,402,595,553,225,580,716,184,821,231,473,293,504,139,822,983,324,734,332,782,121,685,372,92,925,588,570,619,146,605,950,816,517,977,675,260,805,849,515,463,873,671,632,943,509,841,752,310,458,931,97,672,829,111,233,7,70,731,958,692,259,95,371,533,905,205,949,209,278,548,784,33,891,315,328,536,791,383,59,169,434,694,534,286,751,537,683,101,740,577,28,283,341,726,858,727,61,895,974,739,720,755,128,659,309,964,505,682,134,426,556,72,689,773,573,301,158,396,641,811,412,96,930,653,535,115,635,308,32,708,88,557,759,827,527,904,613,855,559,380,774,239,291,289,933,520,170,924,240,106,449,207,338,263,622,156,162,620,865,354,401,982,543,79,102,911,715,199,528,312,647,733,859,261,480,764,754,132,411,331,833,817,159,874,903,282,314,182,35,985,288,581,124,677,300,319,295,998,459,807,968,554,250,280,710,485,796,747,787,737,113,450,9,427,475,142,211,114,494,883,684,944,31,413,49,275,15,177,89,348,748,813,947,219,871,63,53,914,721,518,922,297
181;S;282,552,767,622,115,577
182;S;720,914,964,982,485,165,180
183;S;770,537,282,102,541,816
184;S;660,625,192,565,222,995,706,261,612,168,689,704,159,928,610,180,755,964,972,834,577,906,833,431,731,535,679,314,56,622,926,454,485,89,974,88,282,153,954,733,933,151,929,944,115,434,79,818,855,93,205,87,942,748,132,724,947
185;S;427,205,731,622,660,821
186;S;282,314,881,904
187;S;855,581,577,58,622,964,974,261,367,111,224,115,95,372,949,919,146,63,569,49,731,754,20,849
188;S;260,947,410
189;S;810,973,944,904,964,772,836
190;S;282,573,438,833,524,152,435,964,751,485,654
191;S;214,537,634,974,944,79,261,580
192;S;210,434,427,130,897,577,964,537,464,79,612,487,804,398,269,314,995,307,282,581,361,833,15,387,325,622,132,403,947,430,584,380,532,754,184,731,280,559
193;S;115,946,485
194;I;600,53,48
195;S;296,218,372
196;S;791,945,39
197;S;705,944,904,132,880,485,98,533,616,689,803,671,849,951,379,380,558
198;S;964,518,328,567,660,371,53,803
199;I;570,833,722,754,749,803,180
200;S;132,559,485,964,527,170,53,114
201;S;328,788,846,916
202;S;568,79,115,286
203;S;754,731,233
204;S;411,664,880
205;S;675,428,883,577,998,926,622,375,184,895,964,944,754,548,394,727,715,493,559,872,930,180,530,102,379,922,783,891,261,132,115,185,581,731,981
206;S;537,606,47,577
207;I;542,553,964,180,406,411
208;S;964,622,132
209;S;983,403,787,947,365,272,314,859,427,695,71,819,708,765,617,132,964,883,735,494,609,672,114,180,58,622,261
210;S;964,388,810,192,260
211;S;974,716,60,359,3,559,964,754,903,622,180,261
212;S;569,622,115,689,273
213;S;731,548,485,328,892
214;S;400,485,876,720,297,473,286,731,132,828,868,320,191,710,164,535,961,292,832,520,962,689,464,883,840,922
215;S;619,494,805,255,622,261
216;S;150,731,633,751
217;S;731,261,947,762
218;S;964,195,399,494,281
219;S;620,894,754,992,111,405,537,94,942,559,964,324,180,132,968,252,732,328,616,715
220;S;715,813,680
221;S;94,731
222;S;637,332,570,577,168,964,715,947,622,953,184,665
223;S;121,409,324,261
224;S;488,755,275,187,83,731,434,974,833,335,900,787,111
225;S;253,118,833,159,98,180,114,112,999,287,895,495,138,260,758,494,682,505,472,689,754,577,485,264,261,822,745,137,594,947,944,115,121,453,569,731,964,427,559,314,622,548
226;S;731,28,622,31
227;I;964,414,753,405
228;S;67,577,731,964,114,945,730,103,559,446,411,505,974,616
229;S;411,132,622,964,120,942
230;S;450,605,888
231;S;372,180
232;S;935,964,79,577,466
233;S;203,731,475,974,282,132,180,485,120,754,249,0,744
234;S;754,882,287,622,405,577,386,310,938,613,731,260,261,47,286,804,964,894
235;S;581,974,944,947,704,957,132
236;S;380,742,853
237;S;485,964,622
238;S;473,764,261
239;S;660,180,49
240;S;20,622,754,180,727,473,964
241;S;111,131,328,403,121
242;S;754,597,947,980,575
243;S;261,731,153,332,282,689,386,405,58,159,583,132,570,619,69,997,312,633,49,269,622,577,50,713,379,473,520
244;S;261,689,963
245;S;548,619,622,61
246;I;311,263,111
247;S;983,804,113
248;S;553,44,132
249;S;754,115,233,505,111
250;S;964,180,115,622,918
251;S;573,418,153,880,111,473,964,485
252;S;95,439,689,505,577,132,494,219,73,970,738,622,94,389
253;S;918,865,731,66,895,619,580,40,485,25,260,473,660,155,225,543,553,947
254;S;124,485,762
255;S;731,922,943,215,559
256;S;786,132,819,286
257;S;855,974,366,964,720,782,833
258;S;905,505,49,533,115,121,741
259;S;83,689,314,744,456,815,372,855,291,964,164,497,813,577,377,265,634,406,132,891,973,180,657,115,731,371,581,20,622,716,79,288
260;S;411,485,129,731,981,494,225,289,985,143,79,639,188,50,234,853,115,944,253,622,180,949,563,764,559,121,964,67,715,755,434,10,535,832,473,849,210,594,855,358,804
261;S;603,427,180,244,853,944,86,922,546,70,912,121,31,865,829,814,243,964,368,688,751,715,411,454,710,485,635,65,974,53,622,238,350,958,820,293,329,775,918,191,616,234,217,273,223,876,531,61,115,95,225,731,209,520,634,783,505,63,68,727,167,871,945,544,17,187,170,947,915,806,440,529,934,904,321,205,533,720,296,79,405,488,32,103,47,537,49,663,709,434,408,403,678,708,282,959,339,92,131,561,464,619,138,754,305,565,796,548,833,499,153,494,382,443,10,269,559,168,211,297,422,766,884,880,933,577,387,184,132,215,712,137,158,500,855,503,473,891
262;S;363,859,797,537,731,449,570
263;S;169,121,246,180,132
264;S;731,225,548
265;S;944,57,357,754,559,787,622,923,472,272,132,660,259
266;S;115,410
267;S;711,63,485,838,439,996
268;S;537,829,731,947,720,773,517,297,365,622,177,485,14
269;S;535,485,153,243,261,170,731,162,192
270;S;904,657,577,316
271;S;970,720,559,293
272;S;964,570,209,891,265
273;S;947,622,212,619,115,261,964,814,47,731,672,418,144,20,411,904,361
274;S;450,622,380,441,964,485,61
275;S;803,568,328,374,715,559,539,468,914,672,694,967,922,49,939,180,379,77,754,964,54,386,224,109
276;S;846,49,838
277;S;682,660,754
278;S;672,475,364,623,876,180,716
279;I;282,619,77
280;S;594,787,138,731,755,159,192,983,689,293,895,908,180,53,974,390,79
281;S;833,318,974,218,303
282;S;700,947,974,186,776,737,934,190,881,180,114,494,320,715,183,754,559,829,243,833,813,707,427,672,622,961,663,120,858,485,464,58,261,537,493,381,432,287,536,181,958,577,922,964,652,115,47,731,727,570,749,79,445,385,853,279,535,736,169,49,855,123,192,450,930,811,876,933,121,873,95,111,996,773,322,708,37,233,944,533,184,993
283;S;322,65,180
284;S;680,53,432,622
285;S;731,964,755,729
286;S;754,731,930,583,427,577,947,43,802,132,180,894,663,394,553,302,526,964,766,336,990,234,877,411,781,256,79,622,406,755,20,293,202,53,121,833,724,823,214,539,660,720,517
287;S;930,225,234,622,132,605,543,594,282,115
288;S;381,766,6,259,180
289;S;180,260,849,115
290;S;419,947,536,689,731,964,400,602,543,157
291;S;180,974,259,473,612,866
292;S;731,683,754,214,485
293;S;427,964,947,705,365,891,731,570,145,969,411,271,616,425,105,79,754,586,286,280,559,261,535,449,332,622,134,866,15,855,170,180,132,138,689,397,328,301,351,895
294;S;964,517,924
295;S;49,180,947
296;S;947,726,195,944,261
297;S;829,964,67,760,537,132,689,475,731,727,715,341,321,577,268,95,552,138,365,470,622,849,352,502,485,214,76,180,459,261
298;S;913,132,6
299;S;389,964,476
300;S;138,974,622,944,704,964,500,180,720
301;S;180,115,293
302;S;58,708,874,147,328,855,286,339,698
303;S;517,281,385
304;S;582,458,398,649,964,132,731,559,622,130,314
305;S;663,53,261,964
306;I;132,700,803,964,405
307;S;404,964,944,797,192,619
308;S;622,180,29,559,704,821,836
309;I;754,964,485,559,180
310;S;166,803,138,234,985,791,54,836,180
311;S;446,88,150,32,689,246,522
312;S;547,698,921,964,954,559,881,243,754,10,974,411,904,656,314,855,92,121,567,180,806
313;S;853,559,689
314;S;543,344,833,20,731,180,958,186,578,904,259,485,304,425,225,838,622,332,192,855,435,209,616,505,720,559,895,891,680,813,944,184,589,507,87,80,689,312,70,577,964,843,554,381
315;S;59,815,856,494,180,444,806,132,964,942,115,941,450,731,947
316;S;729,485,876,270,731
317;S;70,964,689
318;S;339,281,688,721,577,336,754,964
319;S;633,613,180
320;S;347,538,282,974,570,214
321;S;731,261,121,715,932,672,964,79,494,297
322;S;283,622,282
323;S;731,689,515,577
324;S;944,359,855,180,219,223,974
325;S;924,192,32,731
326;S;154,473,340
327;S;161,512,20,98,485,154,159
328;S;180,434,766,368,213,219,906,498,790,753,731,111,436,61,201,114,570,293,855,109,754,577,559,432,964,805,967,622,275,198,634,79,660,385,302,409,53,947,241,450,774
329;S;974,104,261
330;S;855,577,952,904,153,672,964,622
331;S;180,964,384,398,115
332;S;974,158,180,743,125,485,314,715,293,667,836,570,705,79,345,903,559,622,132,474,895,944,160,731,243,222
333;S;49,754,132
334;S;516,649,940,654
335;S;224,485,849
336;S;622,318,162,473,403,132,121,427,286
337;S;419,6,947,381,720,906
338;S;754,180,964,731,583,114
339;S;261,302,318,689,44,973,944,622,918
340;S;754,970,947,512,485,720,964,326,731
341;S;930,974,964,947,180,553,297,495
342;S;121,964,891
343;S;841,947,49
344;S;49,314,964,947,731,636,99,505,765,572
345;S;115,332,973,715
346;S;730,159,725,589
347;S;634,111,320
348;S;711,53,180,847
349;S;476,731,485
350;S;261,472,891
351;S;968,293,468
352;S;689,947,156,111,622,485,297,427,754,870
353;S;964,425,121,621
354;S;731,180
355;S;731,944,132,559
356;S;622,710,731
357;S;529,974,852,265
358;S;260,619,964,551,731,992
359;S;211,485,324,132
360;S;673,540,614
361;S;458,930,121,904,880,630,503,49,483,964,192,401,273
362;S;947,559,464,563,49,695,605
363;S;485,262,622,567,922,115,754,731
364;S;278,493,731,473
365;S;138,293,297,946,380,209,268,400,904,944,758,577,833,79,163,744,115
366;S;947,384,257
367;S;849,581,559,619,187
368;S;405,622,86,577,261,328
369;S;458,964,383
370;S;477,765,434,855
371;S;180,533,259,578,111,715,198
372;S;964,731,187,727,473,634,79,880,231,689,195,622,716,180,259,411,937
373;S;494,847,891
374;S;275,132,121,485,895,729,48,865,413,942,622,111,715,964,738,828,434
375;S;731,622,205,895
376;S;738,95,813
377;S;849,259,159
378;S;68,634,974
379;S;974,673,855,604,992,577,616,689,622,243,754,197,964,493,661,962,690,692,650,634,138,205,663,494,615,413,481,434,275
380;S;944,715,365,767,619,109,274,891,913,539,958,754,138,611,58,172,560,734,180,702,517,624,505,485,121,964,833,537,115,99,472,70,720,731,594,192,439,94,853,895,562,829,236,197,946,761,419
381;S;62,619,405,577,864,777,288,282,337,111,314,132,870,569
382;I;715,622,639,261,405
383;S;582,434,833,369,890,180
384;S;366,168,331
385;S;328,622,282,303
386;S;675,755,726,551,275,548,243,115,119,870,660,622,947,234,553,731,132
387;S;622,964,261,974,192,559,132,849,449,427,689
388;S;731,958,58,49,210,738
389;S;952,926,252,299
390;S;895,485,280,947
391;S;964,930
392;S;53,546,689,944,485,622,515,731
393;S;724,475,744
394;S;286,205,660
395;S;473,570,594
396;S;944,180,715
397;S;293,96,559
398;S;132,331,974,304,958,427,153,192,559,833,853,803,964,880
399;S;559,660,218,557
400;S;715,290,672,879,214,947,365
401;S;883,180,517,361,974,791,533,754
402;S;411,603,180
403;S;261,720,781,241,886,434,755,968,689,964,179,132,159,67,192,209,696,122,631,336,948,115
404;S;553,307,878
405;S;382,942,731,577,660,682,227,121,755,895,243,462,485,219,689,639,446,132,836,234,5,368,647,82,994,261,115,306,381,539,454,964,657
406;I;286,411,134,207,964,259,880,704
407;I;858,458,944
408;S;109,622,176,4,261
409;S;791,223,577,328
410;S;670,520,731,570,266,188
411;S;312,570,577,180,922,293,119,689,174,723,707,138,414,791,261,204,796,857,656,622,402,535,165,229,228,207,579,556,581,170,260,894,286,488,612,273,92,527,944,549,731,901,619,748,720,836,494,754,372,473,14,70,634,121,485,406,434,113,964,947
412;S;115,180,860
413;S;960,153,180,874,944,70,817,564,946,132,485,577,67,943,559,150,595,379,374,490,124,938,731
414;S;132,836,227,891,411
415;S;974,731,88
416;I;925,731,132
417;S;692,622,56
418;S;715,251,273
419;S;483,161,947,121,477,380,165,337,290
420;S;695,622,556
421;S;954,947,559,719
422;S;752,84,964,528,787,720,83,153,727,261,581
423;S;964,58,559,997
424;S;121,975,559
425;S;534,353,314,293,720,132,914,67
426;I;731,180,15,553
427;S;666,870,185,916,743,450,622,988,902,79,853,690,387,947,594,533,286,731,966,431,434,983,865,293,111,500,352,639,775,844,132,122,964,209,100,180,225,44,192,509,597,398,336,570,974,640,616,817,635,754,833,895,720,282,860,485,559,944,855,542,553,493,115,261
428;S;79,49,964,205
429;S;964,836
430;S;192,954,930,494
431;S;427,111,115,689,184,138,964,132,539,909,130,50,559,708,70,622,715,517,855,560
432;S;284,741,570,882,619,853,622,947,639,974,581,164,895,282,964,328,891
433;S;845,485,944
434;S;260,720,454,411,44,937,184,370,904,731,616,383,519,520,764,53,485,192,261,224,964,947,379,20,612,79,129,505,473,748,328,512,501,622,427,114,403,853,374,180
435;S;929,672,731,517,78,944,314,190,859,559,754,132
436;S;944,104,32,485,731,622,833,328
437;S;79,485,840
438;S;114,622,791,168,964,619,115,883,190,689,117
439;S;715,558,731,267,121,132,494,380,876,964,252
440;S;951,548,619,261,731,634,115,754,53
441;S;689,274,954
442;I;974,958,947,944,695
443;S;974,261,482
444;S;121,918,860,779,315,974
445;S;855,83,568,622,944,974,61,727,833,571,282,895,520,132,731,754,663,15
446;S;405,788,79,53,311,120,622,228,32,757,708,731
447;S;153,121,722,577,947,755
448;S;169,800,945
449;S;624,964,262,387,612,831,163,293,180,881,883,672
450;S;828,895,52,622,964,274,944,328,473,550,315,180,754,230,485,804,427,282
451;S;823,170,622,467,731
452;S;904,485,791
453;S;70,132,225,539
454;S;991,944,713,825,494,115,689,683,559,622,792,16,643,941,405,826,731,434,184,581,459,156,261
455;I;974,748,132
456;S;259,731,588,904,919,769
457;S;69,964,924
458;S;304,964,828,52,606,836,369,833,974,884,581,524,936,715,361,549,407,180,121
459;S;180,836,454,703,880,548,553,944,118,297
460;S;970,20,731,964
461;S;611,622,789,28
462;S;570,405,683
463;S;180,68,943,964,956
464;S;720,964,282,622,362,261,132,559,192,946,153,214,947,4
465;S;537,551,601
466;S;716,613,232,115,167,61
467;S;895,922,451,577
468;S;275,976,351
469;S;754,121,539
470;S;563,964,485,619,947,297,634,16
471;S;720,744,507
472;S;153,225,380,350,265,622
473;S;243,672,528,214,291,946,636,111,904,833,944,768,336,253,251,559,240,754,733,364,504,395,485,737,859,450,539,822,744,494,115,716,238,806,490,715,947,65,964,180,261,69,553,79,855,594,685,326,372,639,32,613,577,260,731,434,622,476,411,619
474;S;49,332,529
475;S;95,44,393,70,570,622,974,297,278,121,180,132,233,49
476;S;349,132,169,473,523,708,813,299,922,559,622,115,964,860,619
477;S;370,727,947,419,944
478;I;92,775,836
479;S;570,577,776,792,947,634,581
480;S;121,180,880
481;S;855,964,379,622
482;S;443,891,548
483;S;634,419,361
484;S;130,954,718
485;S;495,984,213,335,473,635,153,632,180,23,380,274,103,332,993,634,184,309,694,821,750,77,974,490,853,806,413,827,49,233,132,744,268,884,639,251,622,359,316,539,696,170,392,791,197,727,292,567,363,553,932,433,843,260,716,450,738,855,869,829,633,672,492,660,885,200,620,80,568,53,715,374,594,138,689,904,731,517,833,95,581,811,156,470,663,773,695,830,909,225,497,117,352,876,501,427,944,662,115,720,261,452,214,572,880,52,917,537,437,405,108,182,570,836,267,856,947,340,253,61,190,269,327,559,390,83,922,983,79,297,282,754,577,349,964,314,411,817,889,111,544,254,193,434,973,531,114,650,751,585,494,755,790,436,147,121,237
486;S;505,165,739,826
487;S;787,37,192
488;S;622,877,261,411,224,138
489;S;825,49,79
490;S;485,413,473
491;S;622,69,504
492;S;485,559,170,833
493;S;622,942,205,379,427,760,974,0,132,282,697,944,364,720,577,694,93
494;S;505,111,944,689,473,513,130,912,523,69,559,738,577,731,485,974,430,904,964,675,548,282,215,962,612,132,252,411,591,321,149,537,61,780,439,833,695,49,957,727,379,115,454,622,979,180,70,855,620,168,636,755,501,261,25,891,853,528,138,169,535,15,568,218,315,754,947,570,225,83,581,373,576,209,670,945,63,52,594,127,260,720,541,520,126,984,765,812,121,619,715,926
495;S;29,485,75,733,225,964,341,962,91,904,159,838,585,134,79,974
496;S;120,134,113,36
497;S;485,964,787,672,97,259,816,660,560
498;S;807,947,730,328,754
499;S;261,731,38
500;S;787,427,261,795,899,583,622,574,300,754
501;S;494,434,485,621
502;S;833,876,297,634
503;S;361,261,533,766
504;S;853,947,473,958,622,124,559,491,806,180,731
505;S;249,486,601,773,258,685,134,895,380,720,754,314,727,559,261,228,180,132,434,159,61,964,70,494,855,252,539,40,517,225,568,951,510,947,667,849,944,569,153,344,930,515,89,173
506;S;754,132,942,130,914
507;S;754,115,471,641,314,789
508;S;833,827,944,132,729
509;S;427,180,115
510;S;931,505,613
511;S;115,715,731,895
512;S;942,340,173,327,434,964,176,94
513;S;494,934,570
514;S;634,639,964,886,852
515;S;323,392,731,930,180,79,505
516;S;132,754,113,731,755,334,964
517;S;862,622,180,970,7,485,731,761,401,785,958,543,294,754,744,25,602,943,853,435,431,570,21,669,132,944,577,121,794,3,303,529,168,380,90,286,268,505,765,49,130,848,964
518;S;947,959,198,180
519;S;132,570,434
520;S;731,243,170,622,121,134,964,261,883,947,434,958,814,180,936,715,214,635,410,20,574,445,619,494,946
521;S;720,132,570
522;S;954,944,760,311,692,634
523;S;553,476,494
524;S;190,115,653,458,974,964,111,537,114
525;S;702,577,132,616
526;S;560,286,79,47,622,138
527;S;53,121,918,538,964,913,844,411,132,944,111,200,744,688,952,180,764
528;S;422,473,964,494,833,180
529;S;622,474,517,114,261,731,357,537
530;S;157,819,647,121,205
531;I;485,836,132,261,655,170,660,560,577
532;S;192,858,989,964,153
533;I;939,779,427,282,371,143,49,180,672,622,796,503,130,890,944,634,132,974,401,903,715,197,849,261,964,258,773,561,582,50
534;S;581,425,553,180,983,132
535;S;862,780,63,731,559,180,922,787,634,293,214,868,49,494,149,964,170,282,947,727,184,115,53,622,790,577,944,127,132,260,910,269,411
536;S;180,282,290
537;S;32,524,582,29,2,268,580,206,929,465,731,770,183,115,132,282,980,67,622,563,191,964,636,790,153,816,380,494,933,261,262,34,813,956,904,192,297,53,180,849,485,909,20,877,529,805,570,684,58,754,559,219,755
538;S;527,68,320,679
539;S;731,904,930,121,505,784,473,453,619,469,431,616,833,577,606,612,663,275,687,836,608,774,765,132,964,286,754,405,50,622,974,922,716,944,634,485,859,720,985,380
540;S;895,360,822
541;S;183,746,494
542;I;81,731,207,964,849,622,427,760,784
543;S;79,726,314,731,755,622,287,907,974,180,823,159,171,517,833,153,553,138,754,964,253,290,672,567,49,874
544;S;553,754,485,944,728,616,731,261
545;S;731,138,689
546;I;773,731,392,138,559,261,961
547;S;132,312,115,964
548;S;459,20,806,245,570,771,134,860,482,180,121,205,494,944,261,715,213,622,132,964,974,773,799,386,264,577,754,841,440,225
549;S;458,731,922,633,131,411,622,619,774,901,71,964,859,833,945
550;S;49,731,20,849,987,638,106,450
551;S;720,974,680,114,358,386,465
552;S;622,924,944,297,181,132,744
553;S;672,207,777,426,286,28,485,741,577,836,787,544,785,963,341,248,253,523,386,113,404,92,543,79,534,24,180,427,581,121,622,731,459,584,947,131,974,765,578,833,964,57,620,473,944,619,132,17
554;S;933,180,314
555;S;827,577,619
556;S;411,138,945,420,154,613,727,180
557;S;754,399,726,121,559,180
558;S;15,197,567,119,121,439,731,964,622,19,771
559;S;168,282,616,626,200,613,476,622,947,803,609,704,619,985,61,132,328,944,485,180,546,15,859,271,255,849,399,225,612,293,946,111,808,134,473,84,904,387,265,654,219,192,23,851,71,205,367,557,731,689,577,634,309,211,672,138,505,398,170,115,602,228,362,435,304,314,663,163,421,922,492,876,53,121,260,159,24,427,156,874,494,464,109,308,107,454,423,397,855,833,964,30,865,791,755,954,312,537,981,958,49,431,424,413,332,144,313,355,275,504,747,581,595,261,535,974,799,754
560;S;672,132,531,63,731,943,526,380,947,497,431
561;S;533,261,49
562;S;380,622,110
563;S;715,470,537,362,905,260,816
564;S;754,694,131,944,169,849,803,413,755
565;S;964,49,184,731,261
566;S;715,88,60,754
567;I;660,947,485,914,109,115,61,53,727,543,43,198,363,738,312,622,558,801,833,754
568;S;505,485,202,947,836,494,115,275,731,445
569;S;121,187,63,132,225,727,788,505,731,974,570,762,964,677,581,622,606,212,381
570;S;432,947,791,537,896,569,49,411,519,114,622,15,282,944,332,875,577,853,964,199,904,836,138,808,517,792,132,148,494,475,731,838,410,822,20,949,243,61,581,817,115,761,222,395,180,320,833,689,639,262,521,590,720,843,968,765,776,125,754,272,135,485,427,513,462,328,479,137,974,548,170,293,133
571;S;964,838,731,944,97,445,131,622,912
572;S;485,964,344
573;S;895,180,581,251,190
574;S;922,500,620,134,715,112,520,132,622
575;S;747,242,895
576;S;612,494,813,731
577;S;411,594,651,805,744,680,409,20,297,785,121,175,234,832,743,720,232,644,53,170,902,379,493,57,964,553,405,485,535,136,731,592,559,713,473,83,876,689,164,184,192,887,622,365,620,140,684,205,715,942,286,330,944,639,895,682,6,934,413,979,947,115,821,147,328,155,945,763,704,50,181,225,222,754,755,904,751,132,41,180,228,619,918,912,49,539,243,467,710,479,92,517,881,323,153,270,933,891,531,612,447,932,494,168,555,34,995,853,61,928,368,206,318,787,17,795,548,570,695,616,581,146,794,775,525,282,252,681,974,803,683,79,765,672,259,381,187,261,314,625
578;S;371,964,314,553,974
579;S;411,964
580;S;731,178,134,993,253,974,747,964,947,191,891,537,836,597,180
581;S;494,944,479,787,109,454,422,684,876,731,964,618,570,635,946,720,485,813,607,178,180,808,616,42,235,679,205,958,187,712,974,35,605,112,887,622,945,411,573,868,458,367,161,121,783,569,833,754,577,947,432,553,559,603,130,788,259,79,144,192,824,629,820,744,534,111
582;S;160,533,658,383,734,964,138,49,537,772,974,304,622,904
583;S;286,782,874,833,731,243,964,174,170,132,684,587,686,79,944,500,634,338,115
584;S;880,981,53,964,553,588,192,813
585;S;964,485,731,495
586;S;293,731
587;S;804,138,910,689,583
588;S;584,456,180,622,70,855
589;S;755,314,964,346,34,728,930,859,958,922,945,594,947,121,720,944,111
590;S;570,813,622,731,796,600
591;S;675,720,731,115,494
592;S;974,577,904,731
593;S;132,765,115,616
594;S;395,577,427,260,589,20,473,287,622,494,485,280,964,225,380,716,742,49,106
595;S;180,413,559
596;S;787,79,708
597;S;109,833,868,580,427,242,708,622,133
598;S;138,766,965
599;S;731,799,808
600;S;769,754,964,634,590,820,731,194,622
601;S;465,505,132
602;I;836,722,169,170,731,977,114,559,517,290,35
603;S;261,108,855,402,581,731
604;S;678,379,838
605;S;83,115,230,49,362,180,581,287
606;S;569,458,622,206,964,727,539
607;S;855,906,581,731
608;S;754,765,539
609;I;209,559,121,964
610;S;121,184,944
611;I;461,380,615
612;S;111,411,192,559,974,98,291,672,123,891,930,53,790,577,184,158,731,92,449,964,833,665,168,983,494,539,52,32,576,904,628,639,434
613;S;61,840,967,622,942,473,466,234,115,510,787,944,319,830,705,180,556,930,676,559
614;S;833,360,974
615;S;138,83,379,611,121
616;S;293,559,525,947,219,261,228,544,434,379,197,974,622,427,111,20,643,577,314,168,121,833,170,787,960,581,15,964,731,904,539,593,736
617;S;209,96,622
618;I;932,581,947,858,974,977,49,747
619;S;553,432,307,939,898,156,253,367,28,833,577,473,865,761,660,121,273,634,559,380,358,754,245,883,438,470,381,891,744,695,411,731,20,520,151,555,766,150,666,85,804,215,549,279,635,805,838,964,49,622,440,494,986,53,539,43,983,992,132,476,243,872,813,115,261,914,159,74,180,895
620;S;553,577,219,876,485,689,574,494,904,682,981,180,845
621;S;353,501,964
622;S;711,408,751,436,963,163,606,569,432,594,240,571,130,924,95,308,517,999,559,694,710,617,475,922,888,600,21,971,62,265,85,172,61,562,567,932,76,904,520,635,185,63,890,628,420,639,53,103,830,330,427,825,730,616,588,286,488,872,252,417,624,237,451,537,446,820,619,919,549,650,891,590,533,132,542,797,689,322,637,913,829,782,431,582,282,481,824,226,10,156,134,930,112,914,727,273,42,716,574,293,918,894,535,972,243,731,633,849,300,71,548,791,980,666,70,781,806,336,944,461,368,438,526,739,983,543,229,737,372,552,817,304,392,656,464,476,813,581,158,181,314,79,964,664,137,11,149,28,958,838,643,114,205,994,558,32,382,20,339,111,58,858,867,597,234,274,984,947,491,115,744,630,935,493,895,539,287,297,153,225,720,92,717,386,16,187,450,268,385,718,663,927,860,905,284,747,634,570,208,485,962,159,708,113,675,192,363,379,976,707,649,529,212,222,754,261,168,445,250,6,869,184,766,613,259,819,811,787,933,411,715,765,211,332,356,974,659,687,352,494,328,882,434,853,24,912,500,866,839,660,658,260,472,692,67,855,121,646,209,54,833,836,647,577,245,170,699,104,828,167,49,162,454,9,374,553,876,865,160,627,138,110,83,26,215,748,847,180,473,387,992,375,504,842
623;S;278,115,835
624;S;622,449,380
625;S;121,184,63,127,933,964,974,577
626;S;974,74,689,895,813,92,797,964,559
627;S;695,622,121
628;S;845,121,622,775,922,716,612
629;S;581,771,914,970
630;S;361,53,622,731,853,964,4,974,967,754
631;S;109,984,403
632;S;485,932,180
633;S;485,243,983,947,132,17,964,689,622,319,549,974,216
634;S;483,539,42,992,619,138,715,559,731,440,163,485,514,904,716,479,533,61,411,999,114,522,600,691,470,63,261,121,985,535,158,347,120,853,994,891,115,58,43,502,855,946,95,328,945,841,583,191,974,660,132,378,622,259,372,828,379,964,705
635;S;520,622,427,619,180,964,876,485,581,261,833,166,947,731,58
636;S;494,344,128,473,537
637;S;833,222,744,622,964,112,132,110
638;S;964,550
639;S;964,260,672,570,473,842,731,115,514,382,712,53,132,427,904,855,432,622,577,660,788,485,612,405,718
640;S;974,676,427,942,941,814,891,802
641;S;180,689,507
642;S;948,715,926
643;S;58,616,918,622,54,454
644;S;823,121,115,891,577,144,55,861,91
645;S;867,115,974
646;S;622,918,942
647;S;964,180,405,530,622,922
648;S;853,773,132
649;S;334,622,304
650;S;895,379,622,929,120,88,485
651;S;947,692,577
652;S;115,282,723,731
653;S;964,180,524
654;S;559,334,190
655;S;964,153,531,799,832,715,978,698
656;S;622,312,411,671,946
657;S;259,405,658,270
658;I;964,715,731,622,663,142,764,754,657,582
659;S;968,180,622,870,111
660;S;394,277,497,399,198,184,328,567,880,622,83,731,405,634,185,115,619,485,849,755,239,639,52,253,974,947,58,286,930,833,386,265,531
661;S;942,379,880
662;S;731,976,947,485,132
663;S;895,751,108,282,136,539,286,658,445,859,964,946,485,947,834,905,92,305,261,914,622,379,559,891,853,764
664;S;124,622,204
665;S;222,159,612
666;S;49,427,622,619
667;S;332,853,505
668;S;895,731,855
669;S;731,672,517
670;S;833,689,494,410
671;S;180,988,656,132,197,838
672;I;922,533,180,321,964,543,330,209,553,282,639,435,449,275,577,669,559,485,560,497,612,754,132,278,473,947,876,763,689,776,974,720,273,400,153
673;S;895,709,870,379,14,115,360
674;S;964,111,757
675;I;386,494,58,622,4,591,944,180,205
676;I;134,640,613
677;S;689,569,180,754
678;S;989,261,849,604
679;S;184,538,581
680;S;284,111,577,314,731,551,220
681;S;964,577,105
682;S;620,883,891,225,904,577,964,405,180,865,731,277
683;S;964,179,177,695,882,132,462,180,974,793,577,876,454,292
684;S;577,57,537,899,581,731,180,964,102,59,132,855,583
685;S;95,180,473,505
686;S;918,583,964,734,758,731
687;S;622,170,895,944,539,101
688;S;527,261,318,932,918,132
689;I;942,113,963,280,944,225,212,559,138,317,494,441,883,293,58,352,95,438,959,761,243,244,313,405,297,805,914,937,47,197,180,570,134,111,677,339,314,485,791,917,69,672,311,214,403,323,50,790,431,577,184,372,882,290,904,545,387,587,119,252,964,153,979,392,633,670,928,259,626,891,906,411,63,785,454,850,708,379,870,731,895,855,641,754,620,64,622,121,115
690;S;379,922,715,68,427
691;S;918,70,634
692;S;651,417,964,379,622,522,111,180
693;S;755,716,964
694;S;485,622,493,180,803,904,891,564,731,275,855
695;S;619,964,34,494,887,944,485,362,836,420,577,111,683,865,743,209,627,803,442
696;S;964,403,485,63
697;S;964,944,493,891,708,790
698;S;312,655,302
699;S;925,53,622
700;S;807,282,306
701;S;715,754,964,132,115,121
702;S;525,380,731
703;S;459,910,138
704;S;577,727,559,947,53,406,816,754,184,308,962,235,300
705;S;731,974,293,868,197,332,613,634,964,806,947,933,53
706;S;1,49,833,731,184,45
707;S;891,282,622,411,833
708;S;622,829,114,261,431,597,743,446,15,697,476,947,834,282,209,302,180,596,727,689,731,754,41,924,904
709;S;845,855,727,964,80,28,261,720,973,946,731,673
710;S;121,356,261,744,214,180,622,14,853,577,974
711;S;348,132,115,267,88,622
712;S;639,731,833,261,958,964,581
713;S;577,960,454,243
714;S;942,840,980
715;S;830,132,548,219,973,690,222,733,946,458,380,731,775,876,942,332,884,701,371,382,947,574,282,577,655,937,566,297,520,83,473,930,833,220,900,260,494,115,642,374,511,533,321,984,137,622,439,903,261,87,634,485,180,138,205,896,275,563,716,983,746,914,345,418,400,658,90,751,964,974,431,153,922,762,73,99,855,396,773
716;S;883,594,964,485,731,833,975,473,974,466,715,947,754,22,628,211,693,897,372,539,259,154,622,634,840,53,172,115,278,180
717;S;622,63,754
718;S;484,639,622
719;I;947,50,421
720;S;5,964,855,180,411,829,493,589,138,797,846,672,494,727,121,754,380,434,922,126,314,403,539,286,945,51,427,764,947,854,130,895,591,944,422,622,124,300,109,120,833,485,464,521,151,709,570,581,425,992,182,153,471,257,974,268,340,261,337,132,15,755,271,16,577,214,551,101,505,115
721;S;180,318,845,964
722;S;602,447,199
723;S;652,411,947
724;S;286,184,863,393,130
725;S;930,904,346
726;S;296,386,180,543,557,960
727;S;778,422,704,297,622,709,567,829,282,964,900,606,445,720,793,372,708,999,569,904,535,505,731,836,556,180,494,53,58,743,121,833,477,89,485,914,153,853,240,205,261,947
728;S;544,964,589,918
729;S;973,285,508,316,374
730;S;873,498,346,121,168,622,964,7,228
731;S;113,170,999,439,568,652,413,943,669,228,150,876,15,580,992,282,120,315,9,565,280,243,124,746,911,134,741,705,273,304,639,802,944,947,454,77,325,286,184,939,344,85,114,485,316,825,839,192,253,259,559,987,841,668,158,861,607,545,221,363,434,859,864,156,435,603,924,83,599,908,185,727,217,571,735,914,883,744,537,529,205,686,716,392,517,853,159,558,539,898,680,314,460,612,929,904,616,32,354,542,427,356,803,121,338,684,22,340,739,544,600,583,285,456,177,592,145,569,216,834,966,115,570,79,965,855,800,180,40,660,8,269,49,203,332,372,790,53,153,426,706,635,689,880,88,45,946,416,260,715,445,805,411,19,321,415,42,761,162,451,132,16,137,585,801,405,602,829,634,694,754,974,850,297,516,828,440,515,732,328,20,590,213,895,95,138,58,577,900,473,658,712,446,543,738,349,619,846,61,836,386,922,71,355,560,961,949,937,897,224,980,225,682,375,118,553,293,591,290,511,98,23,264,854,268,891,261,187,932,535,751,630,494,906,709,702,970,930,21,622,499,226,233,958,821,905,388,581,708,323,549,753,755,774,111,262,550,364,576,18,168,436,520,292,410,504,874,214,662,358,586,964,847,234,380,750,255,546,833
732;S;731,836,219
733;S;715,102,180,473,184,495
734;S;876,582,180,380,686
735;S;755,731,209
736;S;282,616,964
737;S;622,180,473,974,754,282
738;S;252,388,567,494,958,136,485,376,947,374,731,983,131,876
739;S;622,731,486,180
740;S;964,754,180
741;S;258,553,432,731
742;S;947,948,594,236
743;S;695,727,79,708,577,427,964,332,798
744;S;891,473,552,619,904,833,259,471,974,752,53,577,34,527,134,964,581,791,20,485,233,947,5,115,895,710,393,365,637,66,622,517,731,132
745;S;132,821,225
746;S;911,715,731,541
747;S;881,580,618,622,180,575,559,958
748;S;434,964,180,79,944,622,411,455,184
749;S;944,199,282,904
750;S;485,731,120
751;S;998,485,855,715,833,577,622,216,261,755,794,891,190,731,180,663
752;S;159,63,422,744,180
753;S;227,731,132,328
754;S;242,740,340,942,427,838,812,44,708,219,261,581,880,286,858,689,79,808,577,277,282,333,473,187,600,544,851,225,830,293,445,363,249,985,450,964,557,833,132,793,792,990,855,516,537,559,379,954,949,328,716,923,974,169,440,772,813,507,567,411,857,265,309,494,539,9,853,64,49,233,380,192,435,505,622,352,292,240,672,630,469,180,937,893,338,234,173,485,211,944,203,500,701,498,566,720,205,731,608,717,704,564,619,115,859,82,860,776,312,506,275,947,318,570,978,401,199,764,677,930,517,890,737,543,548,658,836,807,27
755;I;180,853,153,564,589,904,79,447,537,403,773,61,660,920,847,855,17,867,260,285,20,930,720,693,280,386,751,833,114,844,516,405,731,494,559,543,286,224,982,184,958,485,964,735,577,947
756;S;782,947,132
757;I;674,964,114,132,446,68
758;S;132,225,365,985,686
759;S;180,816,964
760;S;493,522,297,542,914,833
761;S;964,947,836,916,731,689,111,153,956,517,619,380,570,778,121,944
762;S;855,254,569,217,715,121
763;S;881,974,58,672,577
764;S;663,527,720,180,902,856,944,155,238,260,754,658,434
765;S;494,344,974,553,930,593,622,63,517,577,53,370,570,831,132,608,209,539
766;S;598,904,286,619,288,328,261,153,622,503,995
767;I;181,944,964,380
768;S;891,819,473
769;S;943,600,456
770;S;537,172,974,183
771;S;132,49,558,629,964,930,853,548,168,983
772;S;115,754,582,189,121
773;S;150,715,282,548,505,755,648,180,485,115,940,533,787,546,268
774;S;549,100,731,180,539,328,115
775;S;792,427,261,577,715,628,132,478
776;S;754,479,282,672,570
777;S;381,553,964,42
778;S;727,138,761,964
779;S;864,444,853,26,533,153
780;S;853,535,970,942,879,494,964,947
781;S;286,168,622,403
782;S;257,180,48,784,622,39,32,583,944,756
783;S;261,895,205,581,964
784;S;132,782,542,15,168,539,180
785;S;171,553,833,689,577,517
786;S;256,974,17,980
787;S;121,613,964,974,487,176,967,280,616,224,622,61,596,891,265,535,422,581,553,773,791,180,497,829,836,113,869,500,209,577,853
788;S;833,14,201,569,581,446,895,639
789;S;899,461,507
790;S;485,79,328,731,612,697,132,537,535,689
791;S;559,974,411,452,622,744,787,310,964,438,196,895,401,70,689,180,570,79,409,485
792;S;754,479,775,570,454
793;S;727,115,132,974,58,38,124,754,683
794;S;870,751,517,933,577
795;S;964,577,131,853,500,79
796;S;833,17,974,411,533,986,180,169,853,28,813,170,63,964,590,261
797;S;307,626,262,70,622,720
798;S;974,170,743
799;S;559,599,897,655,548
800;S;944,731,947,11,168,448
801;S;567,731,964
802;S;121,111,132,115,92,855,964,286,640,731
803;S;731,121,49,197,310,694,198,306,564,398,695,53,974,944,849,199,559,275,577
804;S;587,234,247,619,192,260,138,450
805;S;537,157,27,180,577,689,328,874,168,964,619,731,215,126
806;S;622,261,504,964,315,999,947,473,548,833,485,705,312,836
807;S;180,947,20,498,700,964,754
808;S;570,559,121,599,754,53,581,904
809;S;120,974,114
810;S;210,189,836
811;S;622,114,180,282,485
812;S;494,754,132
813;S;90,121,259,590,79,754,796,584,581,619,115,220,829,282,836,180,914,626,476,537,906,576,622,314,376,153
814;S;261,273,947,974,640,520,137
815;S;259,945,315
816;S;180,563,704,880,895,109,537,183,759,497
817;S;908,485,413,427,964,570,180,622
818;S;853,184,62
819;S;866,256,530,209,768,622
820;S;890,947,964,137,121,261,168,887,622,581,600
821;S;185,308,485,731,745,577,180,964
822;I;944,53,947,180,570,964,540,225,138,79,473
823;S;286,451,121,543,644
824;S;121,974,941,622,581,938
825;S;489,454,731,902,622
826;S;454,894,947,53,486
827;S;508,485,876,964,132,180,944,135,555,863,904
828;S;634,731,121,853,622,374,214,458,450
829;S;813,964,380,908,282,708,727,720,485,297,4,180,878,731,910,787,132,268,622,930,853,261,24
830;S;485,43,622,754,946,613,974,715
831;S;153,765,449,25
832;S;947,214,577,895,655,904,260
833;S;622,720,16,872,549,744,143,760,712,932,398,37,91,383,755,286,539,380,199,192,904,670,148,909,180,70,494,619,458,58,944,751,839,616,314,502,559,159,53,754,23,473,660,190,850,716,427,974,796,947,855,102,865,570,707,583,955,528,785,637,184,543,10,612,893,597,365,635,508,883,485,257,581,224,731,158,445,49,614,853,492,140,964,553,906,281,841,788,132,727,567,282,836,225,261,706,134,859,20,715,436,806
834;S;731,944,663,184,708
835;S;111,132,623
836;S;787,981,485,806,761,429,531,459,458,622,20,189,904,813,60,568,970,933,695,754,539,132,411,332,833,602,310,478,28,15,974,975,67,117,893,121,553,964,570,414,731,732,32,580,727,967,810,308,405,940
837;S;121,101,114
838;S;15,159,495,619,276,754,622,671,22,314,876,570,964,571,53,604,49,267
839;S;907,833,731,622
840;S;613,716,437,714,964,214,962
841;S;343,833,634,180,53,942,731,548,142
842;S;639,80,622
843;S;570,314,88,485
844;S;427,974,527,755
845;S;964,721,709,132,886,433,628,620
846;S;53,731,201,720,276
847;S;11,132,622,944,755,731,348,947,373,964
848;S;517,74,168
849;I;111,853,918,260,564,542,180,387,289,505,622,377,920,947,559,179,537,904,335,297,964,678,660,187,550,197,803,533,367,7
850;S;175,689,944,731,153,833
851;I;853,754,559
852;S;514,357,947
853;S;648,796,985,577,964,894,983,710,779,795,128,630,313,79,771,119,427,156,780,849,622,899,727,943,504,851,930,517,787,818,236,829,974,261,924,667,978,15,663,754,380,121,755,485,995,855,906,34,731,570,634,494,398,432,282,828,833,876,434,260
854;S;731,720,926
855;S;293,634,121,314,324,370,176,84,622,802,445,720,731,431,859,427,900,890,302,833,187,132,929,260,895,79,56,379,115,23,328,964,607,49,998,116,639,684,694,282,709,762,261,473,257,52,494,755,715,312,751,485,559,689,165,180,588,184,330,974,603,668,853,95,754,259,505,153,481,94
856;S;485,315,764
857;S;28,79,411,754
858;S;407,622,618,964,282,904,98,865,754,532,180
859;S;731,904,559,964,855,869,589,473,549,100,947,262,435,209,180,754,539,663,833
860;S;427,412,622,964,444,548,754,476
861;S;53,731,644
862;S;535,517,947,915
863;S;176,827,724
864;S;779,731,381
865;S;858,695,974,261,253,964,622,559,180,374,944,427,833,619,130,682,115
866;S;73,293,622,974,819,947,291,119
867;S;622,755,645
868;S;597,214,581,113,535,705
869;S;485,111,974,859,622,787,904
870;S;673,386,794,352,689,427,659,381,946
871;S;180,876,261
872;S;205,619,833,622
873;S;132,282,180,730
874;S;559,302,180,583,805,964,731,543,413,974
875;S;570,132,58
876;S;683,988,485,622,672,947,278,282,620,635,577,111,581,734,891,20,990,731,502,316,944,871,890,896,715,738,853,214,132,827,439,168,261,964,838,954,559,53
877;S;488,286,537
878;S;44,829,404
879;S;400,15,780
880;S;891,584,398,917,964,79,261,459,204,480,197,731,141,406,944,251,485,361,754,372,973,661,816,660
881;S;186,964,312,944,115,132,577,282,449,747,763,942
882;S;683,622,689,432,234
883;S;205,132,209,53,155,180,833,438,964,619,68,401,214,682,978,689,520,716,944,731,449
884;S;964,261,715,485,458,144
885;S;485,964,132
886;S;972,115,403,514,845
887;S;695,581,820,910,577
888;S;923,622,230,906,964
889;S;79,947,485
890;S;820,622,383,533,876,754,964,855
891;S;205,261,663,63,72,580,414,619,138,880,115,314,894,622,52,380,876,898,482,644,612,694,342,373,731,964,49,350,973,65,634,904,697,577,682,494,132,293,768,689,45,987,259,787,640,751,744,432,971,947,180,930,5,707,932,272,16
892;S;213,930,964
893;S;836,833,754
894;S;853,115,622,219,891,411,234,286,998,826
895;S;944,205,832,225,293,374,467,111,314,375,668,918,280,15,788,663,622,577,180,731,511,947,132,650,60,121,253,53,689,783,687,170,390,450,904,115,619,505,67,445,791,427,153,107,673,816,540,432,855,405,332,626,573,380,575,964,720,744
896;S;876,570,715
897;S;731,49,132,799,192,716
898;S;731,619,891,974
899;S;853,962,684,942,904,789,500
900;S;224,964,715,727,731,855
901;I;549,964,904,952,411,27
902;S;825,577,427,109,764
903;S;715,332,211,180,168,985,533
904;S;947,36,582,559,592,766,727,485,314,616,620,930,58,537,186,914,725,827,270,132,111,891,755,452,708,13,312,31,168,180,689,98,361,79,901,869,808,144,539,189,456,495,622,130,23,494,577,125,849,999,49,895,32,836,612,639,833,954,985,365,731,261,273,694,832,570,634,473,330,434,744,682,197,859,974,858,146,899,964,749
905;I;115,258,33,731,663,180,563,61,622,79
906;S;689,888,833,607,813,964,328,184,731,853,337,139,53
907;S;839,543,132,63
908;S;280,170,113,829,731,964,817
909;S;121,833,485,537,431
910;S;887,535,829,132,703,587,946
911;S;746,964,973,180,731
912;S;622,261,927,571,577,132,494
913;S;622,380,527,929,298
914;S;567,622,629,275,619,151,954,964,813,727,904,715,731,180,182,663,506,425,132,166,689,760,138
915;S;862,20,261,962
916;S;761,201,427
917;S;689,880,132,485
918;S;3,691,339,643,577,261,118,686,527,646,132,622,895,250,253,728,135,688,849,170,444,115,947
919;S;79,622,187,456
920;S;121,755,849
921;S;964,160,312
922;S;214,589,275,282,467,95,113,647,121,628,485,539,180,559,535,622,363,574,255,964,115,715,411,476,205,75,549,261,987,132,7,672,731,105,974,690,720
923;S;132,265,754,888,992
924;S;622,731,180,552,853,708,964,294,457,325
925;S;180,416,699
926;S;205,494,854,184,389,148,984,642
927;S;947,912,622
928;S;184,689,577
929;S;141,115,15,435,731,855,537,32,184,650,913
930;S;282,985,892,754,96,964,731,829,765,622,115,180,24,891,613,660,947,853,53,904,771,430,539,589,715,361,61,205,286,755,725,391,612,932,341,287,505,515
931;S;88,180,964,510
932;S;321,622,891,485,618,964,577,731,121,833,688,947,632,930
933;S;705,261,622,180,132,944,577,554,537,625,957,794,282,184,836,946
934;S;513,261,282,577
935;S;110,232,622
936;S;138,458,520,79
937;S;715,964,731,689,372,754,434
938;S;40,49,79,413,824,234
939;I;731,533,619,275
940;S;121,773,944,836,334,956
941;S;454,824,640,315
942;S;493,715,18,661,184,315,881,405,714,374,102,899,689,754,512,841,613,964,577,646,219,943,170,780,506,640,229,944
943;S;853,121,463,949,731,413,970,180,255,560,517,964,942,134,769
944;S;583,51,527,235,881,622,548,695,170,339,445,494,687,180,159,942,522,296,535,544,261,847,355,197,940,613,933,720,803,46,880,121,132,748,865,822,570,144,459,485,982,895,115,282,767,16,731,191,559,571,749,689,225,473,552,800,782,114,130,477,307,589,833,974,392,850,60,876,396,413,189,505,205,581,553,158,332,58,883,999,493,407,49,442,153,12,764,380,300,947,964,88,433,436,508,265,675,834,365,827,260,761,539,435,450,577,184,70,564,610,454,697,517,314,427,533,411,42,754,324
945;S;581,720,448,494,589,196,634,964,114,549,556,228,577,815,132,261
946;S;413,152,974,559,473,147,870,365,132,731,830,634,520,656,933,663,380,709,193,715,170,581,464,910
947;S;720,866,800,390,209,293,807,79,755,826,52,814,505,731,622,895,115,859,494,337,434,432,754,464,891,217,261,159,806,918,662,442,39,13,904,876,340,833,473,974,82,121,366,95,704,932,985,719,847,362,447,577,411,343,0,663,470,111,386,188,74,568,400,479,535,756,273,738,723,553,295,49,849,53,820,956,559,983,29,930,715,180,65,518,344,581,35,315,567,708,716,328,580,761,498,635,133,109,944,618,954,560,235,225,660,427,742,964,862,192,222,282,727,341,822,485,83,23,253,421,296,184,242,352,67,633,589,477,958,651,672,705,286,70,134,780,889,927,20,504,290,170,8,744,268,132,570,852,616,832,419,126,520,88,153
948;S;642,138,742,403,111
949;S;138,964,731,14,570,943,187,754,180,260
950;S;180,974,964
951;S;987,197,440,505,115,49,78
952;S;901,79,527,389,330
953;I;113,180,222
954;S;430,184,559,484,312,914,522,904,876,421,158,754,441,83,42,947
955;S;153,138,833
956;S;940,537,974,761,947,463
957;S;933,122,235,964,494
958;S;398,171,747,119,755,517,50,282,157,115,559,380,314,731,442,622,121,947,974,261,712,23,520,589,581,71,388,504,106,738,180
959;S;152,974,261,518,689
960;S;713,413,616,726
961;S;974,989,282,214,731,546
962;S;840,899,915,379,214,704,495,974,145,969,494,622
963;S;553,244,689,622
964;S;625,942,537,740,83,315,470,423,411,535,626,805,153,583,95,635,559,921,672,990,473,696,297,321,658,865,9,982,119,720,594,807,42,458,892,300,439,431,570,198,983,169,730,532,911,637,387,579,274,904,61,634,93,257,838,114,686,428,450,505,358,980,922,4,600,18,743,225,361,293,622,63,189,77,260,524,103,728,106,761,228,286,250,81,330,855,485,633,516,547,520,222,833,697,943,757,853,134,565,40,695,791,307,184,208,121,200,15,209,76,947,12,314,553,237,663,787,771,72,6,801,874,881,655,495,342,802,190,132,840,182,67,638,712,341,653,906,572,207,138,701,949,187,569,715,50,210,880,8,514,783,681,647,159,974,116,900,571,985,693,318,543,218,888,369,476,806,845,449,820,131,558,581,674,512,227,180,709,578,261,630,251,219,272,944,754,290,338,957,755,549,168,240,285,999,229,683,70,464,847,584,273,616,294,931,429,170,406,692,528,759,777,457,192,795,767,305,91,427,309,858,494,44,353,836,914,403,748,438,970,275,973,932,705,997,585,372,539,930,58,481,52,317,497,282,817,344,721,689,391,731,140,621,398,580,849,716,299,829,744,109,937,796,405,340,1,891,924,639,211,259,422,895,460,736,55,884,883,380,908,859,328,379,111,79,577,304,885,612,517,432,860,542,606,609,950,49,527,53,533,901,115,988,727,89,619,827,102,306,175,684,890,822,434,26,147,780,876,548,232,374,682,158,463,945,234,113,205,589,331,312,101,582,821,86,778
965;S;102,598,731
966;S;731,427
967;S;836,275,613,630,121,328,787
968;S;132,351,659,219,50,570,121,180,403
969;S;138,79,114,132,962,293
970;S;517,731,964,340,271,252,629,780,943,836,460
971;I;622,109,891
972;S;886,184,622
973;S;485,880,259,161,709,964,891,339,189,345,911,729,715
974;S;228,791,291,844,950,154,961,458,833,63,329,551,959,524,787,170,168,765,495,187,455,533,904,432,626,180,88,184,158,830,660,548,132,964,946,618,379,578,944,281,224,100,715,640,559,645,754,445,53,282,444,156,165,191,475,898,582,357,257,737,865,320,341,803,793,153,129,138,543,634,866,300,744,720,855,553,716,683,614,211,796,958,387,114,443,853,427,324,121,401,922,616,115,398,612,3,962,332,378,111,280,592,980,235,824,630,956,493,577,415,763,705,770,874,622,485,570,312,261,809,494,798,786,539,442,580,672,625,710,569,947,869,836,731,633,581,991,814,233,49
975;S;424,836,716
976;S;622,36,662,468
977;S;138,618,602,180,49,32
978;S;853,655,883,754
979;S;689,494,577,19
980;S;622,49,242,537,786,974,731,153,964,714
981;S;584,260,205,559,620,836
982;S;964,182,132,180,944,755
983;S;427,485,280,738,209,534,853,964,715,633,247,612,622,180,947,771,619
984;S;111,622,63,494,121,132,715,926,485,631
985;S;180,539,559,634,930,260,310,964,903,947,754,904,758,853
986;S;132,796,619
987;S;117,922,132,951,147,891,550,731
988;S;876,427,671,964,132
989;S;678,961,532
990;S;286,964,876,754
991;S;454,974,153
992;I;622,358,619,634,115,219,379,91,923,731,720
993;S;282,485,580
994;S;405,634,622
995;S;85,184,766,192,853,577
996;S;282,98,267
997;S;132,423,964,243
998;S;132,894,205,855,751,180
999;S;727,731,964,944,806,150,225,634,904,622
