0;S;489,356,567,600
1;S;215,490,513
2;S;65,889,75
3;S;661,704,100
4;S;840,485,590
5;S;107,301,140
6;S;37,340,108
7;S;647,465,592,533,278,110,734,447,101,180,186,788,915,776,65,807,321,631,851,325,837,527,621,979,899,898,344
8;S;919,302,202,309,259,658
9;S;539,334,419
10;S;606,513,973
11;S;101,223,359,464
12;S;848,123,456
13;S;791,507,101,908,762
14;S;544,129,939,600
15;S;126,101,673
16;S;312,587,852,600,381
17;S;337,953,238,837
18;S;747,108,101,345,600,213
19;S;357,430,601
20;S;940,172,629,758
21;S;805,934,136
22;S;651,101
23;S;540,103,412,73,621
24;I;457,911,273,346,776,235
25;S;119,293,215
26;S;111,782,101,776
27;S;408,101,721
28;S;211,790,613,646,512,606,939,631,362,862,673,526,200
29;S;467,848,354,473,661,227
30;S;173,400,809
31;S;76,299,551
32;S;358,186,343
33;S;81,347,764,581,488,364,708,108,484,468,213,134,101
34;S;685,632,784
35;S;412,301,659
36;S;776,146,633,592,704,664,901
37;S;741,362,6,504,115,599,633,179,712,177,566,525,952,933,71,76
38;S;776,101,232
39;S;871,645,573
40;S;157,501,227
41;S;600,46,101
42;S;646,809,233
43;S;655,531,999
44;S;81,609,49,331,101,67,827
45;I;233,72,101,874,151
46;S;670,678,41,523,575,430,101,786,90,397
47;S;372,101,601,899,191,483,228
48;S;177,966,101
49;S;341,512,490,819,837,44
50;S;212,600,101
51;S;227,101,234
52;S;213,977,230
53;S;101,291,213,882,790
54;S;877,101,205
55;S;586,742,78
56;S;506,101,74
57;S;362,101,948,275
58;S;556,496,101
59;S;204,508,771,101,898
60;S;220,222,210
61;S;258,978,314
62;S;907,321,351,988
63;S;95,496,199,245
64;S;314,140,604
65;S;103,7,2
66;S;785,225,621
67;S;423,101,44
68;S;676,198,517
69;S;101,865,199,570,426,348
70;S;392,916,368
71;S;476,179,37
72;S;670,101,45,139,76
73;S;992,23,737
74;S;748,269,56
75;S;207,600,2,787,970
76;S;31,691,927,658,101,426,673,249,531,37,72
77;S;291,412,186,518,990,600,940,221,101
78;S;796,583,55
79;S;381,101,234,362
80;S;852,600,101
81;S;319,649,101,894,557,936,398,600,685,375,887,629,567,989,108,389,201,332,703,376,923,44,407,33,964,786,650
82;S;303,194,414,101
83;I;787,101
84;S;678,627,600,277,444
85;S;141,631,348,601
86;S;131,927,279,829
87;S;999,601,808,682
88;S;142,816,675,291,579,706
89;S;211,645,616,101
90;S;431,776,769,905,46
91;S;201,412,946
92;S;101,789,601,874,799,999,640,659
93;S;108,309,101
94;S;707,393,947,101,468
95;S;654,63,664,187
96;S;971,101,237,601
97;S;968,101
98;S;862,627,111
99;S;826,184,204
100;S;3,129,208,948,539,138,679,101,923,687,468,999
101;S;494,615,715,650,409,608,724,476,140,601,111,278,289,629,15,358,286,53,586,402,927,50,776,355,559,897,200,940,268,643,459,464,632,112,873,733,955,987,991,79,716,851,967,659,832,282,888,606,146,872,727,246,227,707,783,864,595,475,137,301,115,838,495,135,440,56,41,697,38,456,80,903,693,47,594,865,682,964,999,846,412,620,669,194,481,273,661,89,896,129,18,801,806,344,51,986,96,108,362,357,988,332,253,199,294,819,634,197,69,369,486,512,83,257,609,11,302,965,116,905,679,48,453,185,561,763,743,163,166,654,466,172,82,612,281,94,914,421,457,908,274,532,858,188,621,236,648,360,387,876,244,842,645,312,145,223,892,911,746,536,529,683,226,356,664,203,947,183,779,367,394,511,432,213,909,26,147,397,668,239,473,489,860,376,468,233,249,404,57,963,919,563,81,259,527,478,372,596,619,639,538,678,217,13,72,581,646,386,215,898,702,234,665,673,364,162,574,285,216,689,604,44,751,737,180,906,591,250,602,377,316,941,699,631,45,482,76,837,403,191,653,644,384,795,960,884,855,405,375,968,870,117,575,649,517,920,785,902,252,442,889,975,122,333,722,447,672,410,46,983,7,593,77,828,179,416,739,485,436,961,422,531,22,786,401,379,67,877,59,423,383,931,460,97,92,553,267,720,306,804,759,429,618,729,585,853,708,114,54,647,370,496,198,218,826,992,335,685,726,917,219,261,492,910,622,600,100,27,93,33,962,255,997,58,883,814,176,692,131,555,209,488,121,406,747,181,329,809,570,471,557,802,966
102;S;590,626,706,133,561,743
103;S;673,667,23,65
104;S;552,108,994
105;I;365,230,194,379
106;S;765,827,631,928
107;S;833,5,288,985
108;I;601,101,284,688,209,555,864,241,200,314,81,547,737,348,697,600,958,665,961,104,244,202,620,93,605,33,776,275,323,18,6,729,999
109;I;133,643,291
110;S;7,365,741
111;S;605,837,302,26,471,449,101,831,600,98,230,644,314
112;S;244,713,156,307,567,776,484,101,953,120,571,536,986,974
113;S;662,527,794
114;S;483,101,540,682
115;S;359,37,955,926,368,101,255,514,379
116;S;101,227,917
117;S;464,351,101
118;S;167,859,644,604,258
119;S;25,965,412
120;S;942,112,438,793
121;S;640,651,101,282,805
122;S;642,344,208,750,464,101,502,377,298,412
123;S;159,531,12
124;S;189,585,185
125;S;399,776,412,314
126;S;417,152,15,833
127;I;770,908,923
128;S;495,837,776
129;S;914,937,101,749,894,609,644,495,472,100,14
130;S;558,693,192
131;S;86,101,375
132;S;188,409,138
133;S;102,109,435
134;S;479,461,33
135;S;101,620,179
136;S;506,819,21
137;S;781,101,283
138;S;154,100,926,890,132,602,520
139;S;72,143,293,836
140;S;101,5,233,64
141;S;859,85,813,673,325
142;S;486,765,911,310,88
143;S;597,309,898,139
144;S;679,667,260,858
145;S;368,849,101
146;S;261,101,36,352,462
147;S;101,236,946
148;S;245,818,913
149;S;600,215,637
150;S;328,815,728
151;S;909,45,742
152;S;960,126,558
153;S;589,714,214,759
154;S;138,368,776
155;S;879,266,776
156;S;476,362,112
157;S;518,40,521,225
158;S;495,653,198
159;S;178,123,318
160;S;558,498,562
161;S;324,657,377
162;S;101,175,293
163;S;692,101,619
164;S;401,494,568
165;S;351,851,514,848,934
166;S;101,495,458,464,588
167;S;776,938,118
168;S;665,652,308
169;S;732,311,255
170;S;951,929,924
171;S;711,834,875
172;S;714,781,101,301,20
173;S;30,349,252
174;S;427,190,344,631
175;S;424,421,353,162,598
176;S;924,101,433,358,776
177;S;37,48,882,528
178;I;362,193,159,433,731
179;S;604,101,135,334,37,240,71,664
180;S;455,606,234,101,7,499,821,803
181;S;101,401,610
182;S;280,899,837
183;S;943,711,101
184;S;300,877,99,874
185;S;966,124,327,101
186;S;821,607,991,371,385,333,580,255,32,529,982,882,314,7,601,614,776,750,77,381,986,487,516,630,392
187;S;301,935,95,606
188;S;395,132,101
189;S;799,203,888,968,124
190;S;999,174,491,916,776,306
191;S;101,244,508,47,794,933,905,722,813
192;S;130,371,710
193;S;604,601,178,574,652,255
194;S;105,361,352,403,82,101
195;S;415,277,388,255,707,903
196;I;366,768,787
197;S;101,675,615
198;S;158,993,534,350,581,789,101,68
199;S;69,63,803,228,101
200;S;108,718,341,835,397,550,716,28,233,101,248,586,682,689,664,620
201;S;296,81,91
202;S;108,326,957,8,733
203;S;400,101,189
204;S;714,618,342,308,413,652,99,401,59,314,857,815
205;S;54,606,433
206;I;517,600,607,685,538
207;S;75,600,787,217
208;S;100,122,776
209;S;108,600,101
210;S;215,876,60,504
211;S;493,89,381,28,965
212;S;672,544,50,831
213;S;361,319,101,894,18,33,811,53,695,227,442,52,269
214;S;631,866,153,611
215;S;414,505,748,601,286,635,923,210,305,769,101,348,999,149,620,645,744,1,824,25,270,944,768,839,412,604,409,383,557,320,900,837
216;S;591,649,101
217;S;959,838,401,101,574,951,207,805
218;S;600,977,837,952,101,518
219;S;681,382,101,367,877
220;S;231,60,990
221;S;445,77,776,224
222;S;600,623,673,412,419,60
223;S;401,11,101,703
224;S;620,221,907
225;S;880,157,66,485
226;S;101,411,684
227;S;116,51,688,101,791,213,604,425,497,322,386,762,29,40,659
228;S;776,294,401,834,659,368,506,739,576,47,234,560,858,446,658,295,385,314,199,552
229;S;978,981,790
230;S;531,700,362,111,52,401,776,105,318
231;S;220,746,422
232;S;793,652,38
233;S;776,913,528,140,42,391,200,267,101,531,480,412,929,336,292,45,402,845
234;S;51,180,79,609,918,101,228
235;S;24,634,845
236;S;101,147,352
237;S;537,771,755,96,872,612
238;S;697,255,17,601,498
239;S;652,101,600
240;S;709,179,806,778
241;S;779,542,601,108
242;S;601,535,764
243;S;489,675,813
244;S;285,574,108,701,112,837,101,191
245;S;148,999,63
246;S;101,892,734,724
247;S;265,286,776
248;S;718,456,200
249;S;76,268,101
250;S;101,430,549,906
251;I;601,899,265
252;S;483,101,173
253;S;101,438,651
254;I;765,562,347
255;S;169,101,352,238,544,295,740,987,195,717,581,613,193,959,967,867,649,776,468,761,574,115,186
256;S;600,715,623
257;S;362,101,896,719,949,307
258;I;61,118,512
259;S;892,101,8,867,657,281,314,523
260;S;144,776,994,700,594
261;S;455,936,531,146,350,559,601,101
262;S;608,398,271
263;S;644,744,531,529
264;S;981,495,339
265;S;251,696,247,801,766
266;S;155,666,433
267;S;910,233,101,620
268;S;620,500,861,348,101,279,820,776,249
269;S;213,74,415
270;S;453,300,776,789,737,215
271;S;262,786,999,316
272;S;425,440,495
273;S;837,949,923,24,101,819
274;S;326,101,317
275;S;108,295,57
276;S;984,606,389
277;S;195,84,842
278;S;7,804,101
279;S;268,362,86
280;S;342,182,383
281;S;101,600,259,651,812,978,520,844,716
282;S;121,405,101
283;S;137,477,386
284;S;494,108,346
285;S;101,244,911
286;S;101,391,247,691,654,215
287;S;293,622,904
288;S;581,107,515
289;S;565,101,999
290;S;345,651,756
291;S;88,77,109,53,721
292;S;732,776,734,943,926,233
293;S;620,485,436,717,812,670,287,708,25,139,673,162,440
294;I;886,228,101
295;S;682,255,228,275
296;S;311,201,904,625
297;S;485,433,570
298;S;122,921,600,380
299;S;31,621,660
300;S;270,184,880
301;S;187,664,172,826,5,35,787,101
302;S;631,111,8,844,101
303;S;578,410,326,601,82,401,606,566,749
304;S;590,329,368,388
305;S;599,412,215
306;S;531,190,101,686
307;S;257,528,744,317,112,897
308;S;204,586,168
309;S;338,8,940,464,556,143,505,454,93,600
310;S;830,703,142,940,822
311;S;169,588,433,296
312;S;16,572,849,101
313;S;776,327,362
314;S;693,111,228,336,61,337,125,535,186,108,605,494,64,204,259,362
315;S;418,994,861
316;S;536,101,439,271
317;S;307,274,912
318;S;159,601,348,600,230
319;S;645,81,213
320;S;215,387,877
321;S;62,896,924,497,7
322;S;751,227,332
323;S;980,431,492,108
324;S;621,836,161
325;S;448,814,7,330,141
326;S;303,202,274
327;S;659,185,313,337
328;S;770,150,900,671,373
329;S;835,101,718,673,907,412,740,471,304,757
330;S;808,999,325,905,931
331;S;44,601,754
332;S;81,401,101,776,322
333;S;525,668,101,186
334;S;179,543,9,600,659
335;S;601,362,101
336;S;233,543,314
337;S;327,548,314,17
338;S;533,309,518
339;S;644,523,842,264
340;S;669,908,6
341;S;412,200,598,49
342;S;204,280,593
343;S;682,32,445
344;S;174,101,122,776,601,7
345;S;18,290,841,364
346;S;928,284,24
347;S;33,847,254,509
348;S;776,215,883,85,896,318,108,69,268,382
349;S;940,173,601
350;S;780,198,769,261
351;S;412,165,62,776,117
352;S;194,255,146,796,403,236,366
353;S;768,175,775
354;S;607,776,29,852
355;S;101,362,622
356;S;101,840,0
357;S;776,809,848,941,19,561,489,101
358;S;101,32,176
359;S;368,950,115,11,592
360;S;776,362,561,101
361;S;516,194,213
362;S;987,933,991,57,641,314,984,538,606,360,935,178,257,230,703,684,664,335,37,101,156,760,734,355,279,601,313,517,555,925,28,810,943,796,79,692,530
363;S;654,840,580
364;S;984,101,345,896,33
365;S;110,892,105
366;S;676,352,196
367;I;594,963,101,219
368;S;359,228,304,572,671,154,654,115,609,70,924,401,145
369;S;101,626,907,936,604
370;S;929,101
371;S;776,192,606,186
372;S;101,47
373;S;692,918,891,328
374;S;659,918,412,711
375;S;101,891,81,131
376;S;81,853,397,101
377;S;101,519,122,161
378;S;747,723,981
379;S;101,105,115
380;S;298,921,922,776,752
381;S;16,402,211,79,422,775,186,758,626,401,464
382;S;401,348,576,754,219
383;S;638,280,215,101
384;S;885,101,547
385;S;228,479,186
386;S;101,227,283
387;S;618,320,101
388;S;407,195,304,475,899
389;I;276,601,645,81
390;S;999,424,981,858
391;S;286,233,678,510
392;S;879,70,186
393;I;936,682,94
394;S;927,101,776
395;S;188,496,732
396;S;727,979,603
397;I;376,620,890,46,423,101,200,600
398;S;81,262,604
399;S;658,125,901
400;S;829,605,714,30,857,203,907
401;S;230,217,368,582,640,381,228,164,204,303,768,555,459,101,531,471,745,638,464,382,484,332,886,592,479,575,223,181,776,516,673,501,626
402;S;381,101,233
403;S;194,101,352
404;S;611,464,101
405;S;282,945,613,601,101
406;S;673,101,932
407;S;388,449,81,766
408;S;415,483,27
409;S;724,101,215,132,862,881
410;S;303,461,101
411;S;517,743,702,226
412;S;472,23,125,101,748,753,501,91,451,855,942,797,233,119,488,448,650,417,122,35,832,374,351,978,854,610,77,912,341,943,222,510,305,491,446,701,713,215,329
413;S;601,620,204,950,664,724
414;S;511,82,215
415;S;269,195,408,647,629,695
416;S;604,101,980
417;S;487,126,412
418;S;995,315,483
419;S;222,9,893,611
420;S;681,792,918
421;S;175,101,579
422;S;381,101,906,231
423;S;397,101,581,67
424;S;751,982,175,390
425;S;227,272,767
426;S;579,907,457,76,531,69
427;S;687,601,174,603
428;S;922,581,768
429;S;628,776,101
430;S;571,838,19,843,46,250,719
431;S;90,720,600,323
432;S;582,649,101
433;S;266,178,311,176,750,925,297,205
434;S;629,930,731,496,659
435;S;494,133,453,968
436;S;101,293,682
437;S;981,601,789,549
438;S;999,120,253,527
439;S;316,802,895
440;S;101,293,272
441;S;523,936,531,849
442;S;213,762,480,101,630,601
443;I;776,460,653
444;S;713,490,84,489
445;S;221,853,343
446;S;585,412,228
447;S;101,7,816
448;S;325,412,755
449;I;642,407,111
450;S;957,525,893,812
451;S;870,776,412
452;S;652,690,551
453;S;101,435,735,766,270,525,853
454;S;309,777,502
455;S;950,261,737,758,180
456;S;12,101,248
457;S;101,426,24
458;S;638,600,166
459;S;101,857,401
460;S;865,101,443
461;S;601,134,410
462;S;146,494,999
463;S;795,494,531
464;S;401,166,692,860,11,932,915,309,381,543,101,751,807,122,601,694,117,728,404,782,583
465;S;7,581,994
466;S;101,512,968
467;S;837,490,707,29
468;S;100,101,94,255,33
469;S;744,776,879
470;S;527,998,638
471;S;101,111,329,776,755,401,474
472;S;798,535,129,678,749,412
473;S;560,29,101
474;S;471,548,610
475;S;850,101,388
476;S;71,878,101,156
477;S;283,951,927
478;S;101,680,547,800
479;S;134,385,401
480;S;816,233,442
481;S;877,628,101
482;S;101,651,673
483;S;252,787,822,418,408,114,776,47,510
484;S;33,401,783,685,789,112,999
485;S;297,4,293,101,225
486;S;142,101,601
487;S;697,417,186,688
488;S;33,412,101
489;S;357,985,589,988,0,101,243,660,651,444,508
490;S;467,49,1,776,444
491;S;664,190,412
492;S;323,101,863
493;S;211,934,620
494;S;531,462,164,101,435,463,791,660,853,314,284,682
495;S;128,129,878,101,166,264,686,776,158,272,673
496;S;434,63,395,58,101
497;S;655,321,227
498;S;238,160,721
499;S;949,180,846
500;S;268,999,656
501;S;401,412,645,40
502;S;122,454,787
503;S;850,692,644
504;S;999,210,37
505;S;215,757,309
506;S;228,136,56
507;S;13,976,556
508;S;489,191,59,816
509;S;764,620,347
510;S;412,483,391
511;S;414,588,101
512;S;28,258,969,49,101,466,866
513;S;942,10,909,717,1
514;S;531,165,115
515;S;288,804,805
516;S;361,186,401
517;S;411,720,68,601,101,206,362
518;S;77,996,338,950,598,218,157
519;S;780,524,377
520;S;281,138,921
521;S;530,772,157
522;S;908,776,617,784
523;S;441,339,534,875,259,46,610
524;S;686,519,952
525;S;978,985,868,936,754,333,620,450,453,974,37
526;S;28,546,778,644
527;S;566,541,696,723,7,822,438,113,101,584,888,470,842,620
528;S;177,307,233,963
529;S;101,186,263
530;S;362,692,521
531;S;664,401,76,463,426,230,994,101,850,43,261,263,696,601,834,959,600,514,729,233,441,811,787,123,858,306,494
532;S;658,617,101,776
533;I;7,338,829
534;S;970,523,198
535;S;314,242,472
536;S;112,316,101,837
537;S;542,237,631
538;S;206,921,362,101,858,625
539;S;9,100,600,624
540;I;810,114,23
541;S;527,741,601
542;S;761,577,740,537,241,685,624
543;S;336,464,645,334,662
544;S;212,600,597,255,14
545;S;692,957,600
546;S;901,654,526
547;S;108,384,478
548;S;337,605,474
549;S;250,994,437
550;I;725,934,200
551;S;31,641,452
552;S;104,648,228
553;S;101
554;S;803,723,820
555;S;362,101,108,401
556;S;920,58,507,610,776,309
557;S;101,215,81
558;S;130,152,160
559;S;261,673,101
560;S;995,228,473
561;S;692,360,102,357,101,682
562;S;160,254,877
563;I;776,101,601
564;S;678,823,880
565;S;289,600,596
566;I;608,589,303,527,767,37
567;S;0,81,112
568;S;999,164,579
569;S;620,681,674,910
570;S;101,69,703,297
571;S;112,705,430
572;S;636,368,312
573;S;666,716,39,859
574;S;720,858,217,600,255,776,193,948,244,975,915,101,970,654
575;S;776,46,101,401
576;S;382,228,682,919
577;S;775,673,542
578;S;635,303,673,999
579;S;426,857,88,421,825,798,568
580;S;734,186,363
581;S;781,33,198,790,101,954,853,255,858,600,787,818,465,288,945,428,742,423
582;I;432,401,877
583;S;464,776,943,78
584;S;527,962,776
585;S;124,101,446,889
586;S;55,308,101,200
587;S;999,735,16
588;S;511,738,311,661,166
589;S;153,566,740,489
590;S;304,4,102
591;S;101,216,710
592;S;776,359,36,734,886,614,659,707,7,401
593;S;766,342,101
594;S;367,101,260
595;S;687,101,674
596;S;101,682,565
597;S;143,544,847
598;S;175,518,341
599;S;37,305,768,934
600;S;18,149,0,334,41,111,877,101,281,999,843,997,930,544,256,84,239,610,664,80,736,458,863,207,659,50,847,800,606,698,209,75,108,631,77,539,776,799,14,318,309,958,574,397,727,581,673,298,740,836,644,531,885,218,604,431,16,545,206,81,620,737,565,222
601;S;922,193,186,991,19,303,889,541,318,413,703,331,405,238,108,531,709,389,808,848,898,461,47,442,856,698,486,349,730,563,101,776,96,261,427,215,241,790,92,251,839,87,464,677,242,692,833,437,629,823,517,335,344,362,85
602;S;920,894,101,619,138
603;S;427,943,396,744
604;S;179,416,101,118,871,193,227,369,64,721,600,398,774,215
605;S;108,816,314,548,400,111
606;S;276,362,621,28,187,820,10,205,371,709,737,734,613,180,745,600,839,101,303
607;S;206,186,354
608;S;262,101,566
609;S;101,861,234,897,129,778,368,44
610;S;523,474,600,895,412,870,181,935,556
611;S;404,806,214,419
612;S;101,237,970
613;S;255,943,405,28,803,606,938
614;S;927,592,186
615;S;776,760,197,101,828
616;S;900,89,703
617;S;522,532,879
618;S;101,644,204,387
619;S;101,602,163,779
620;S;527,989,625,915,135,108,268,101,224,908,200,569,493,267,215,413,397,600,509,293,525
621;S;7,606,66,23,324,101,954,660,760,299,673,735,856
622;S;355,101,287
623;S;256,222,937
624;S;808,539,542
625;S;296,538,620
626;S;102,381,401,369,831
627;I;903,84,98
628;S;849,481,429
629;S;601,101,820,415,638,81,859,20,434,987
630;S;186,442,780
631;S;7,28,106,174,101,972,600,302,214,537,85
632;S;34,969,101
633;S;895,36,37
634;S;235,101,788
635;S;215,730,713,578
636;S;678,867,572,783
637;S;861,870,149
638;S;470,383,401,458,629,676,776
639;S;101,908,772
640;S;121,401,92
641;S;362,744,551
642;S;122,858,449
643;S;101,109,882,869
644;S;618,263,877,600,982,339,526,129,118,876,101,111,503,901
645;S;215,39,389,857,543,101,319,89,733,968,819,784,501
646;S;101,800,738,42,972,28
647;S;415,662,703,7,750,101
648;S;552,746,101
649;S;101,736,255,81,216,432
650;S;412,101,713,792,81
651;S;22,989,281,290,489,121,482,253,828
652;S;168,452,204,239,193,232
653;S;656,158,971,754,101,443
654;S;868,368,95,101,788,286,574,546,794,363
655;S;714,497,43
656;S;776,500,653
657;S;161,259,936
658;S;228,76,399,8,532
659;S;92,334,327,374,776,600,682,101,228,730,35,227,434,712,592
660;S;494,489,621,299
661;S;911,3,29,588,101
662;S;927,543,113,647,761
663;S;776,882,777
664;S;179,600,200,868,935,301,702,413,531,101,95,36,362,491
665;S;776,890,108,168,722,101
666;S;673,573,266
667;S;144,746,103
668;S;333,802,101
669;S;340,101,912
670;S;46,72,694,293,999
671;I;328,368,853
672;S;212,101,964
673;S;763,577,103,495,578,101,776,621,920,222,482,15,850,559,827,293,329,940,401,695,76,905,830,28,852,600,666,406,141
674;I;569,711,595
675;S;88,243,197
676;S;366,759,638,68
677;S;992,601,877
678;S;46,391,870,636,883,472,564,84,101
679;S;100,848,144,776,101
680;S;836,478,705
681;S;823,420,219,569
682;S;494,561,436,974,576,683,596,114,659,685,876,87,393,696,295,101,861,782,343,776,200
683;S;101,920,682
684;S;801,226,362
685;S;206,484,81,682,34,542,101
686;S;306,495,524
687;S;783,427,100,595
688;S;108,227,986,810,487
689;S;200,101,740
690;S;452,964,828
691;I;76,721,286
692;S;530,787,503,464,601,978,163,373,362,561,545,101
693;S;706,101,996,130,314,828,816
694;S;670,464,999
695;S;415,673,213
696;S;265,531,682,976,718,527
697;I;989,487,238,101,108,999,957,982
698;S;600,601,817,793
699;S;101,968,927
700;S;869,260,230
701;S;776,244,412
702;S;411,664,101
703;I;776,362,616,223,310,81,647,601,570
704;S;744,3,36
705;S;757,680,571
706;S;88,693,102
707;S;467,101,592,94,195
708;S;925,947,33,293,982,863,101
709;S;240,601,606
710;S;907,591,192
711;S;374,818,674,171,183
712;S;741,717,659,37
713;S;776,444,650,635,412,112
714;I;776,204,172,400,153,655
715;I;101,256,976
716;S;776,573,200,101,281
717;S;255,839,712,293,513
718;I;329,696,200,848,248
719;S;873,430,257
720;S;574,517,431,101
721;S;804,27,291,691,498,604
722;S;665,191,101,783
723;S;378,554,527,999
724;S;413,246,101,409,956
725;S;550,935,860
726;S;843,770,101
727;S;101,396,600
728;S;150,816,464
729;S;531,108,101
730;S;601,635,659
731;S;878,178,434
732;S;169,292,395
733;S;645,202,101
734;S;580,362,606,246,7,592,292
735;S;587,621,453
736;S;600,969,649
737;S;73,861,455,270,606,600,772,893,108,101
738;S;588,969,646,953
739;S;752,228,101
740;S;542,808,773,589,329,689,600,255
741;S;541,712,110,37,825,856
742;S;581,55,151
743;S;101,917,411,102
744;S;774,469,641,704,973,603,821,307,215,263
745;S;606,858,401
746;I;648,667,231,101
747;S;101,378,18
748;S;74,783,412,215
749;S;472,999,303,129
750;S;433,122,647,186
751;S;101,811,464,424,322
752;S;739,380,776
753;S;875,927,412
754;S;525,653,382,331
755;S;448,237,471
756;S;290,978,904
757;S;705,989,505,329
758;S;381,455,20
759;S;101,676,153,774
760;S;362,615,621
761;S;542,662,255,961
762;S;442,227,13
763;S;101,673,787
764;S;33,509,242,973
765;S;254,142,881,106
766;S;453,407,593,265,905
767;S;979,970,566,425
768;S;599,215,196,353,428,867,790,401
769;S;215,90,350
770;S;127,726,328
771;S;821,237,59
772;S;737,521,639
773;S;740,885,872
774;S;604,759,744
775;S;353,577,381
776;S;186,997,429,990,832,221,574,371,7,190,332,682,600,260,713,663,176,986,357,656,90,867,556,714,877,931,255,230,532,348,563,380,36,495,909,490,575,167,601,125,592,679,26,469,716,584,268,360,208,155,351,797,128,451,471,394,101,854,942,908,233,665,292,778,108,344,24,228,38,752,837,968,703,858,522,583,638,247,615,659,154,401,313,673,816,270,483,443,701,112,354,782
777;S;663,848,454
778;S;609,240,526,776
779;S;101,619,241
780;I;630,350,519
781;S;172,581,137
782;S;682,464,776,946,26
783;S;636,748,687,101,722,484
784;S;34,522,645
785;S;101,66,846
786;S;271,46,101,81
787;S;807,531,196,207,763,581,931,301,692,483,83,502,75,883
788;S;7,654,634
789;S;484,270,198,92,437,814
790;S;28,53,946,581,969,601,991,229,768
791;S;227,494,13
792;S;650,817,420
793;S;944,120,232,698
794;S;654,113,999,191
795;S;463,825,101
796;S;78,352,845,362
797;S;412,776,956
798;S;966,579,472
799;S;600,189,92
800;S;646,478,600
801;S;265,684,101
802;S;439,866,668,101,851
803;S;613,199,554,180
804;S;101,515,278,721
805;S;217,21,121,515
806;S;929,240,101,611
807;S;7,787,464
808;S;601,740,87,330,624
809;S;42,101,30,357
810;S;540,362,688
811;S;751,531,213
812;S;281,450,293
813;S;141,243,191
814;S;325,101,789
815;S;930,204,150
816;S;902,728,605,877,693,508,88,447,480,776
817;I;931,698,792
818;S;148,824,711,581
819;S;273,49,835,136,101,645,999
820;S;554,268,606,629
821;S;744,771,180,186
822;S;527,483,310
823;S;681,601,564
824;S;962,818,215,884
825;S;948,579,741,795
826;S;101,99,301
827;S;872,44,673,106
828;S;651,690,693,615,101,947
829;S;400,86,533
830;S;932,673,310
831;S;212,111,626
832;S;412,101,776
833;S;601,107,126
834;S;171,228,531
835;S;329,200,819
836;S;877,139,600,324,680
837;S;111,776,7,467,215,49,273,244,536,17,873,128,218,101,977,182
838;S;430,101,217
839;S;606,601,215,717
840;S;363,904,4,356
841;S;857,907,967,345
842;S;277,101,339,527
843;S;430,726,600
844;S;281,302,921
845;S;233,235,796
846;S;101,785,499
847;S;597,347,600
848;S;12,601,777,913,679,718,357,165,29
849;S;628,312,441,145
850;S;531,475,673,503
851;S;802,101,7,165
852;S;16,80,354,937,673
853;S;445,494,671,376,870,453,581,101
854;S;876,412,776
855;S;101,858,412
856;S;741,621,601
857;I;400,841,645,204,579,989,459
858;S;101,898,745,776,642,574,144,531,390,228,581,855,538
859;S;629,573,141,956,118
860;S;725,101,464
861;S;737,315,609,682,637,268
862;S;409,28,98
863;S;492,600,708
864;S;108,101
865;S;101,460,69
866;S;512,802,214
867;S;768,636,255,776,259
868;S;525,654,664
869;S;955,643,700
870;S;853,637,999,101,610,678,451
871;S;39,604,872
872;S;871,827,237,773,101
873;S;101,837,719
874;I;184,92,45
875;S;523,171,753
876;S;944,682,210,101,854,644
877;S;101,582,816,600,219,54,481,644,776,562,184,677,836,320
878;S;731,495,476
879;S;155,617,392,469
880;S;225,300,564
881;S;971,765,409
882;S;643,53,186,663,177
883;S;678,787,101,348
884;S;892,101,824
885;S;891,384,773,600
886;S;294,401,592
887;S;81,914,999
888;S;527,189,101
889;S;2,101,585,601
890;S;397,665,138
891;S;375,373,885
892;S;259,101,365,884,246
893;S;419,450,737
894;S;81,129,213,602
895;I;439,610,633
896;S;348,321,101,257,364
897;S;101,609,307
898;S;858,601,101,143,7,59
899;S;7,47,182,388,251
900;I;215,328,616
901;S;999,399,644,546,36
902;S;101,927,816
903;S;627,101,195,991
904;S;756,840,287,296
905;S;101,766,90,191,673,330
906;S;101,250,422
907;S;710,224,426,841,400,369,62,329
908;S;620,340,127,522,776,924,101,13,639,980
909;S;513,776,101,151
910;S;101,569,267
911;S;24,285,661,101,142
912;S;412,669,317
913;S;848,233,148
914;S;887,101,129
915;S;620,7,464,574
916;S;70,999,190
917;S;743,101,116
918;S;374,234,420,373
919;S;101,945,576,8
920;S;556,683,101,602,673
921;S;844,520,538,298,380
922;S;601,380,428
923;S;273,81,127,100,215
924;S;368,908,170,321,176
925;S;433,362,980,708
926;S;138,115,292
927;S;394,662,76,753,978,86,699,951,902,477,101,614
928;S;992,346,106
929;S;370,170,806,233
930;S;434,815,600
931;S;101,776,787,817,330
932;S;830,464,406
933;S;362,191,37
934;S;550,599,165,21,493
935;S;725,187,664,958,610,362
936;S;525,369,441,657,393,81,261
937;S;129,623,852
938;S;167,995,613
939;S;14,28,954
940;S;77,101,310,673,309,349,20
941;S;101,357
942;S;120,412,513,776
943;S;183,412,613,292,603,583,362
944;S;793,876,215
945;S;581,405,919
946;S;790,782,147,989,91
947;S;101,828,94,708
948;S;100,574,999,825,57
949;S;273,257,499
950;S;413,455,518,359
951;S;927,217,170,477
952;S;37,524,218
953;I;738,112,17
954;S;581,939,621
955;S;869,101,115
956;S;724,797,859
957;S;697,545,450,202
958;S;600,108,935
959;S;217,255,531
960;S;101,152
961;S;108,101,761
962;I;824,584,101
963;S;367,528,101
964;S;101,672,81,989,690
965;S;211,101,119
966;S;185,798,101,48
967;S;101,255,841
968;S;189,466,101,97,699,435,776,645
969;I;790,632,736,512,738
970;S;574,534,75,767,612
971;S;881,653,96
972;I;646,998,631
973;I;10,744,764
974;S;983,682,525,112
975;S;101,996,574
976;S;715,696,507
977;S;52,837,218
978;S;61,412,756,281,525,692,927,229
979;S;767,396,7
980;S;925,908,416,323
981;S;229,390,437,264,378
982;I;697,708,186,424,644
983;S;974,101
984;I;362,276,364
985;S;489,525,107
986;S;688,112,101,776,186,998
987;S;255,362,101,629
988;S;101,489,62
989;S;757,651,697,620,81,946,964,857
990;S;220,776,77
991;S;362,186,903,790,601,101
992;S;677,928,101,73
993;S;198,999
994;S;549,531,465,315,260,104
995;S;938,418,560
996;S;518,975,693
997;S;101,776,600
998;S;972,986,470
999;S;749,101,289,568,500,245,697,462,484,948,587,215,390,819,330,694,600,901,271,670,578,993,723,916,100,504,190,87,887,43,438,108,92,870,794
